AAAAAAAA
AAAAAAAA
AAAAAAAA
AAAAAAAA
AAAAAAAA
AAAAAAAA
AAAAAAAA
AAAAAAAA
AAAAAAAA
AAAAAAAA
AAAAAAAA
AAAAAAAA
AAAAAAAA
AAAAAAAA
AAAAAAAA
AAAAAAAA
AAAAAAAA
AAAAAAAA
AAAAAAAA
AAAAAAAA
AAAAAAAA
AAAAAAAA
AAAAAAAA
0.0116018 0.958964 0.283291 
0.673909 0.006416 0.738787 
0.922244 0.456934 0 
0.0152031 0.026233 0.99954 
0.987271 0.00834173 0.158827 
0.557191 0.843207 0 
0.331773 0.616711 0.713859 
0.67164 0.54933 0.497127 
0.100228 0.657718 0.746566 
0.381243 0.950159 0 
0.554274 0.470387 0.686671 
0.754184 0.392916 0.526141 
0.667738 0.659593 0.345054 
0.833872 0.145094 0.532546 
0.0305378 0.74581 0.665459 
0.488236 0.771425 0.40808 
0.809175 0.0310741 0.586746 
0.0753275 0.986379 0.146228 
0.785747 0.52981 0.319222 
0.545047 0.206946 0.812464 
0.715557 0.723042 0 
0.0566461 0.466893 0.882498 
0.701835 0.340889 0.625478 
0.530516 0.592103 0.606603 
0.435057 0.826254 0.357813 
0.858961 0.277263 0.430478 
0.0475365 0.824017 0.564568 
0.927662 0.356333 0.11167 
0.31484 0.285949 0.905047 
0.203677 0.566666 0.798377 
0.381925 0.866666 0.320973 
0.209758 0.877371 0.431534 
0.122191 0.375008 0.918933 
0.455077 0.575185 0.679755 
0.91346 0.0760188 0.399766 
0.6291 0.472999 0.616851 
0.66386 0.31249 0.679441 
0.513429 0.445035 0.733712 
0.162587 0.858482 0.486389 
0.0800747 0.616496 0.783276 
0.861955 0.663809 0 
0.614972 0.174725 0.768948 
0.658328 0.758569 0 
0.484246 0.515106 0.707228 
0.647106 0.266012 0.714487 
0.623953 0.104285 0.774472 
0.623508 0.578685 0.5257 
0.8604 0.153188 0.48605 
0.841093 0.0997846 0.531607 
0.187867 0.892789 0.40943 
0.130672 0.332342 0.934063 
0.662535 0.391618 0.638501 
0.235927 0.138615 0.961834 
0.748191 0.541811 0.382951 
0.0470985 0.92203 0.384242 
0.178383 0.709791 0.681451 
0.0380255 0.258051 0.965383 
0.227942 0.602148 0.765154 
0.720467 0.358495 0.59364 
0.583574 0.235108 0.777281 
0.14741 0.758696 0.634547 
0.177611 0.165764 0.970039 
0.381388 0.921284 0.0760266 
0.961272 0.100527 0.256613 
0.59284 0.215294 0.776008 
0.684442 0.12265 0.718676 
0.86558 0.644707 0 
0.180713 0.739668 0.648255 
0.0593825 0.181818 0.981538 
0.156587 0.599462 0.784937 
0.0716158 0.627544 0.77528 
0.905853 0.514429 0 
0.140656 0.642896 0.752928 
0.845671 0.116287 0.520881 
0.113976 0.0946512 0.988964 
0.108996 0.0216191 0.993807 
0.663979 0.748519 0 
0.979087 0.100413 0.176936 
0.0954153 0.0876976 0.991567 
0.129149 0.654498 0.744952 
0.956087 0.958151 0 
0.713177 0.872403 0 
0.677443 0.817462 0 
0.792943 0.758369 0 
0.930606 0.980603 0 
0.926601 0.922915 0 
0.691386 0.821918 0 
0.858551 0.81002 0 
0.936374 0.772519 0 
0.628462 0.907372 0 
1.36873 1.08135 0 
0.0533808 0.310824 1.42649 
0.879011 0.518594 0.647177 
0.234846 1.16655 0.481378 
0.83668 0.410531 0.9482 
0.0183853 0.0375491 1.26932 
0.98462 0.008731 1.01529 
0.689 1.01406 0 
0.0638532 0.972939 0.605567 
0.670793 0.540996 1.00128 
0.0813613 0.208332 1.26119 
0.236152 1.25393 0.576116 
0.0600214 0.995824 0.449149 
