5.0772e-05 0.353999 0.935246 
0.144416 8.61818e-05 0.989517 
0.477012 0.878861 0.00790391 
0.995845 0.00381864 0.0909794 
0.000339576 0.944181 0.329427 
0.630709 0.520532 0.575545 
0.0608906 0.998019 0.015793 
0.697186 0.213198 0.684454 
0.345179 0.668212 0.659048 
0.7993 0.600629 0.0191029 
0.667396 0.000247743 0.744703 
0.0913478 0.708549 0.699724 
0.783918 0.401951 0.473189 
0.601391 0.686151 0.409299 
0.480603 0.47095 0.739747 
0.814402 0.14332 0.562325 
0.496874 0.293243 0.816777 
0.398498 0.775225 0.490129 
0.00248581 0.778419 0.62774 
0.300656 0.551085 0.778403 
0.839357 0.442854 0.315214 
0.839495 0.00447553 0.543349 
0.025229 0.622504 0.78221 
0.640608 0.727815 0.244759 
0.00289394 0.189048 0.981964 
0.520239 0.136186 0.843093 
0.000477446 0.032904 0.999458 
0.885912 0.462136 0.0398672 
0.534627 0.000844785 0.845088 
0.863325 0.295021 0.40943 
0.663965 0.747626 0.0143475 
0.268788 0.820991 0.503713 
0.709882 0.562264 0.424177 
0.521947 0.638142 0.565992 
0.375638 0.436258 0.817665 
0.526617 0.765805 0.369076 
0.412151 0.831679 0.372078 
0.384635 0.308693 0.869922 
0.883846 0.177085 0.432963 
0.933669 0.356327 0.0359679 
0.587156 0.392303 0.708058 
0.221221 0.514016 0.828763 
0.153454 0.838122 0.523454 
0.373141 0.89012 0.261632 
0.89462 0.0714577 0.441076 
0.673874 0.419362 0.6083 
0.418022 0.18058 0.890308 
0.96523 0.260312 0.0238339 
0.0538659 0.847166 0.528591 
0.701105 0.628644 0.336539 
0.439493 0.0854503 0.894173 
0.125524 0.526641 0.840769 
0.00337109 0.550125 0.835075 
0.746797 0.118832 0.65435 
0.320098 0.85299 0.412243 
0.540562 0.538759 0.646166 
0.572543 0.789227 0.222068 
0.384546 0.908607 0.162969 
0.441886 0.579693 0.684612 
0.75255 0.0261252 0.658017 
0.43188 0.00660757 0.901907 
0.910478 0.011633 0.413393 
0.729982 0.362768 0.579246 
0.700394 0.483479 0.525068 
0.716224 0.658929 0.22986 
0.297726 0.431279 0.851679 
0.611061 0.603682 0.512027 
0.351826 0.736829 0.577322 
0.395809 0.91821 0.0150542 
0.315246 0.296586 0.901475 
0.0097862 0.968902 0.247251 
0.915877 0.230198 0.328905 
0.00239604 0.699552 0.714577 
0.585955 0.799703 0.130885 
0.000254386 0.866616 0.498975 
0.756936 0.551087 0.351213 
0.588432 0.259327 0.765831 
0.486101 0.698652 0.524967 
0.724589 0.673334 0.146943 
0.807883 0.526558 0.264691 
0.238956 0.872782 0.425619 
0.361449 0.160906 0.918403 
0.58621 0.808559 0.0509019 
0.210382 0.455075 0.865243 
0.788623 0.332364 0.517309 
0.503099 0.803002 0.319498 
0.308563 0.633851 0.709241 
0.00572414 0.984296 0.176433 
0.926964 0.157938 0.340285 
0.453785 0.661539 0.59703 
0.605981 0.476658 0.636855 
0.652521 0.373172 0.659515 
0.732074 0.679045 0.0544605 
0.600936 0.18854 0.776742 
0.773422 0.484582 0.408655 
0.851436 0.524384 0.00884804 
0.0950591 0.485196 0.869223 
0.306768 0.713532 0.629894 
0.30837 0.900733 0.305922 
0.250669 0.307556 0.917918 
0.933615 0.00234088 0.358271 
0.870103 0.398122 0.290549 
0.417205 0.506625 0.754501 
0.365846 0.087433 0.926559 
0.645001 0.618142 0.449305 
0.629137 0.331143 0.703229 
0.562409 0.662539 0.49471 
0.0212341 0.48756 0.872831 
0.288929 0.757492 0.585428 
0.314551 0.922095 0.225385 
0.53933 0.377401 0.75279 
0.494076 0.7359 0.462969 
0.314301 0.936593 0.154947 
0.462918 0.402996 0.789494 
0.370274 0.0102855 0.928866 
0.904609 0.32435 0.27655 
0.57012 0.57666 0.585172 
0.745746 0.299795 0.594967 
0.744806 0.59527 0.301524 
0.512914 0.819102 0.256888 
0.159362 0.884874 0.437723 
0.296311 0.248266 0.92226 
0.822628 0.276906 0.496594 
0.934272 0.221188 0.279664 
0.605351 0.117982 0.787166 
0.466809 0.771357 0.432548 
0.995615 0.0872924 0.0336297 
0.502693 0.594773 0.627332 
0.390199 0.571633 0.72179 
0.611661 0.0600974 0.788834 
0.75111 0.660076 0.0115624 
0.548898 0.480209 0.684185 
0.246343 0.640824 0.72709 
0.66049 0.554806 0.505908 
0.458294 0.83531 0.303685 
0.251649 0.783408 0.568282 
0.809164 0.413755 0.417205 
0.586482 0.731338 0.348115 
0.313896 0.944369 0.0981645 
0.304333 0.182679 0.934885 
0.784229 0.010773 0.620379 
0.648177 0.664016 0.372759 
0.942997 0.131844 0.305571 
0.0770246 0.891413 0.446599 
0.691822 0.347362 0.633026 
0.645182 0.27231 0.713853 
0.34388 0.938505 0.0309002 
0.24672 0.726492 0.641357 
0.437807 0.37252 0.818263 
0.264839 0.888706 0.374248 
0.176578 0.434007 0.883435 
0.204673 0.302437 0.930936 
0.607722 0.0107085 0.794077 
0.535044 0.824564 0.183908 
0.432677 0.631881 0.643053 
0.252026 0.57755 0.776478 
0.472352 0.267182 0.839939 
0.435813 0.723891 0.534835 
0.00721067 0.894047 0.447914 
0.269022 0.917639 0.292518 
0.734294 0.449709 0.508501 
0.661108 0.678195 0.320916 
0.341536 0.489949 0.802061 
0.012774 0.996783 0.079117 
0.549129 0.716726 0.42984 
0.49492 0.527221 0.690718 
0.293755 0.676097 0.675723 
0.315949 0.134354 0.939215 
0.369602 0.801144 0.470705 
0.403483 0.688514 0.602619 
0.21544 0.89587 0.38859 
0.873182 0.000955308 0.487393 
0.723188 0.00760249 0.690609 
0.715222 0.514466 0.473056 
0.83424 0.489324 0.254177 
0.00848313 0.818903 0.573869 
0.766819 0.256474 0.588396 
0.813739 0.366235 0.451333 
0.353803 0.383157 0.853238 
0.868553 0.432076 0.242748 
0.948395 0.18431 0.258027 
0.886566 0.406026 0.221683 
0.947468 0.085034 0.30834 
0.199763 0.650992 0.732328 
0.24427 0.254765 0.935643 
0.837863 0.384063 0.38792 
0.266411 0.950497 0.159937 
0.919069 0.313706 0.238541 
0.00103656 0.457595 0.88916 
0.717464 0.282023 0.636953 
0.192039 0.732499 0.65312 
0.322064 0.0742058 0.943805 
0.549017 0.250445 0.797407 
0.788917 0.498436 0.359405 
0.94959 0.00730869 0.313408 
0.99851 0.0288051 0.0463399 
0.401812 0.616155 0.677422 
0.344131 0.587859 0.732118 
0.325542 0.0263871 0.945159 
0.00583261 0.655287 0.755358 
0.860348 0.354796 0.365953 
0.350752 0.775738 0.524598 
0.461765 0.848279 0.25922 
