1.50208e-05 0.984789 0.173753 
0.414738 1.21654e-05 0.909941 
0.985403 0.170226 0.00209516 
0.599205 0.623535 0.502152 
0.00268467 0.547853 0.83657 
0.845434 0.00178809 0.534077 
0.489796 0.871041 0.0372473 
0.815095 0.571119 0.0971797 
0.000259378 0.132505 0.991182 
0.194389 0.817191 0.542597 
0.404217 0.412103 0.816566 
0.84765 0.350413 0.398373 
0.679601 0.257498 0.686905 
0.430812 0.836038 0.339767 
0.967069 0.00592177 0.254445 
0.365221 0.645625 0.670658 
0.164861 0.33944 0.926068 
0.640978 0.000700798 0.767559 
0.244068 0.967613 0.064466 
0.649269 0.717301 0.252844 
0.00251363 0.911413 0.411485 
0.921184 0.356984 0.154861 
0.00493644 0.74309 0.669173 
0.509266 0.202941 0.836339 
0.212184 0.925748 0.313 
0.19504 0.00341971 0.980789 
0.573189 0.47119 0.670399 
0.755864 0.550081 0.355078 
0.226148 0.541828 0.809493 
0.668003 0.743503 0.0312141 
0.31306 0.18681 0.93118 
0.905614 0.147452 0.397643 
0.720444 0.446207 0.530904 
0.439494 0.737987 0.512074 
0.808083 0.190631 0.557371 
0.183846 0.692207 0.69789 
0.956788 0.188325 0.221562 
0.378241 0.90835 0.178418 
0.997018 0.0106456 0.0764366 
0.000344165 0.393425 0.919357 
0.526712 0.825909 0.201119 
0.749292 0.0684978 0.658687 
0.850491 0.454931 0.264012 
0.551813 0.734773 0.394475 
0.156201 0.17162 0.972701 
0.552958 0.339382 0.760958 
0.310245 0.84254 0.440312 
0.0397659 0.836769 0.54611 
0.506079 0.59955 0.620019 
0.153177 0.971377 0.181557 
0.947846 0.318344 0.0156736 
0.433485 0.527434 0.730687 
0.624207 0.146116 0.767474 
0.530976 0.0583722 0.845374 
0.103758 0.993699 0.0423767 
0.117385 0.466364 0.87677 
0.307417 0.335743 0.890377 
0.314209 0.75071 0.581127 
0.0475261 0.263652 0.963446 
0.882925 0.468678 0.0280025 
0.912256 0.00767816 0.409549 
0.0488653 0.00129344 0.998805 
0.0588064 0.649395 0.758174 
0.748536 0.318201 0.581758 
0.750183 0.618175 0.234702 
0.138843 0.893549 0.426957 
0.0784288 0.950398 0.300986 
0.909778 0.305977 0.280502 
0.662856 0.646714 0.377336 
0.659265 0.378857 0.64949 
0.420768 0.126423 0.898316 
0.719441 0.682353 0.129609 
0.423761 0.294124 0.85669 
0.307434 0.052329 0.950129 
0.330351 0.897299 0.292785 
0.235431 0.43282 0.870195 
0.691988 0.555876 0.460602 
0.763419 0.645689 0.0166576 
0.381912 0.922586 0.0545799 
0.781663 0.454081 0.427568 
0.967831 0.227007 0.108499 
0.623926 0.767447 0.14745 
0.627552 0.530026 0.570307 
0.858573 0.241676 0.452156 
0.126878 0.769425 0.626008 
0.26896 0.622373 0.735059 
0.114849 0.565326 0.816833 
0.860893 0.111904 0.496327 
0.494039 0.435499 0.752507 
0.259386 0.943795 0.204864 
0.330556 0.502408 0.798949 
0.985201 0.104468 0.135885 
0.85765 0.488941 0.159289 
0.946398 0.101502 0.30664 
0.791681 0.36405 0.49062 
0.582746 0.810679 0.0566241 
0.741626 0.178233 0.646702 
0.541528 0.785438 0.299723 
0.230242 0.257915 0.938333 
0.409134 0.801786 0.435601 
0.586931 0.24257 0.772446 
0.121904 0.0759516 0.989632 
0.435078 0.670638 0.600793 
0.514074 0.672277 0.532702 
0.277669 0.695847 0.662341 
0.46723 0.873785 0.134891 
0.918101 0.218851 0.330447 
0.437651 0.865316 0.244314 
0.807189 0.0909005 0.583252 
0.227049 0.104864 0.968221 
0.811467 0.536846 0.230906 
0.23277 0.883592 0.406305 
0.0157433 0.997055 0.075061 
0.171867 0.61967 0.765813 
0.694115 0.125066 0.708917 
0.2183 0.756072 0.617009 
0.34772 0.574369 0.741074 
0.35006 0.788733 0.50533 
0.940961 0.276773 0.194909 
0.831506 0.428327 0.353743 
0.986147 0.00538477 0.165784 
0.0257427 0.472831 0.880777 
0.475869 0.357812 0.803442 
0.0867441 0.710454 0.698377 
0.0760659 0.345239 0.935427 
0.788193 0.00151035 0.615427 
0.660444 0.45308 0.598776 
0.91223 0.401932 0.0792945 
0.143518 0.258447 0.955305 
0.0599389 0.880231 0.470745 
0.696617 0.654069 0.29482 
0.806972 0.282148 0.518834 
0.319161 0.416071 0.851482 
0.387439 0.216198 0.896186 
0.0835523 0.988092 0.129202 
0.509371 0.53319 0.675463 
0.435049 0.594884 0.675903 
0.89297 0.386284 0.231061 
0.592623 0.39101 0.704209 
0.970939 0.094038 0.22008 
0.708528 0.00918251 0.705623 
0.0709019 0.183038 0.980546 
0.481797 0.758056 0.439571 
0.599599 0.0679695 0.797409 
0.312267 0.940085 0.136852 
0.769962 0.619406 0.15328 
0.516487 0.281309 0.808768 
0.561807 0.685775 0.462694 
0.00270785 0.962574 0.271005 
0.555354 0.136621 0.820315 
0.122309 0.847032 0.517278 
0.62066 0.315351 0.717868 
0.151269 0.952631 0.263839 
0.618566 0.713735 0.328571 
0.238486 0.844575 0.479393 
0.0695113 0.974082 0.215249 
0.358224 0.857015 0.370407 
0.874708 0.372909 0.309555 
0.943432 0.0248372 0.330633 
0.881842 0.281404 0.378373 
0.5388 0.833419 0.122915 
0.588537 0.772961 0.236972 
0.56982 0.535155 0.62363 
0.0785002 0.919997 0.383983 
0.763747 0.242925 0.598062 
0.0305978 0.790263 0.612003 
0.492612 0.79216 0.360299 
0.236892 0.182107 0.954316 
0.324548 0.262267 0.908782 
0.46182 0.0622988 0.884783 
0.563759 0.598961 0.568702 
0.984577 0.156221 0.0787559 
0.38625 0.727411 0.567172 
0.166954 0.410833 0.896294 
0.804296 0.4949 0.32891 
0.232803 0.363639 0.901981 
0.897209 0.0778017 0.434698 
0.346882 0.118798 0.930355 
0.17829 0.977758 0.110463 
0.487813 0.129672 0.863264 
0.372201 0.3555 0.857372 
0.682454 0.511192 0.522436 
0.279996 0.894407 0.348767 
0.0137697 0.939354 0.342673 
0.190105 0.489546 0.851002 
0.710296 0.673663 0.204101 
0.732858 0.490005 0.472033 
0.65084 0.615595 0.444354 
0.940226 0.328734 0.0889279 
0.00436725 0.321584 0.946871 
0.407651 0.477131 0.778567 
0.699109 0.317182 0.640814 
0.970106 0.240012 0.0358873 
0.122407 5.48325e-05 0.99248 
0.000185664 0.059424 0.998233 
0.343132 0.699864 0.626459 
0.138094 0.930692 0.338738 
0.65699 0.197952 0.727447 
0.71316 0.38194 0.587813 
0.572958 0.00367916 0.819576 
0.00145913 0.607351 0.794432 
0.00911193 0.690024 0.72373 
0.660359 0.073462 0.747349 
