2.39322 1.26854 8.59986 
0.754344 2.70024 1.0548 
1.94814 5.9407 2.60634 
6.57276 1.81566 4.38662 
4.19926 1.88019 2.44492 
5.17403 2.6257 3.9292 
0.952596 3.54516 3.96221 
1.7645 2.56574 1.71507 
1.75597 0.282168 3.73688 
3.03372 0.731689 8.72925 
4.57829 1.17694 0.799807 
4.2326 2.74518 4.47941 
2.06954 3.55836 3.6666 
4.79543 1.0498 1.49702 
7.10482 2.79404 2.16676 
1.34706 5.85283 1.09765 
1.60936 0.500013 8.67081 
3.86267 1.33969 2.33207 
1.86742 2.04862 1.19137 
6.08662 7.029 0.83655 
0.578668 1.26265 5.07624 
2.46727 3.21727 1.4112 
5.1153 4.26573 2.45249 
1.64872 0.771987 5.04165 
1.11195 0.902037 3.72304 
2.64091 1.2001 4.39435 
5.52275 0.938847 3.35792 
1.46548 0.590524 2.89503 
0.791344 2.57702 4.80275 
6.80017 0.754522 1.44148 
4.89965 1.16123 1.33666 
3.27458 0.374541 6.43263 
4.1994 0.314027 3.31797 
5.1807 0.184103 0.922712 
0.431511 4.24655 7.54675 
3.18478 2.81953 5.22736 
2.36924 5.57485 4.53945 
2.14391 2.91248 5.30743 
1.214 1.04927 3.69831 
3.45274 1.62138 6.66094 
1.90023 4.77154 3.01808 
0.576301 3.16543 5.88372 
2.8665 1.30086 7.16483 
2.42453 1.11981 7.09988 
0.347383 7.21219 5.50829 
0.83003 4.96725 0.801723 
1.2348 2.17146 1.95066 
2.74918 5.58522 4.85408 
6.07966 4.26249 2.62973 
3.63523 0.0999518 7.99469 
4.2462 2.17952 2.15177 
0.342848 2.31581 2.711 
1.67595 0.514127 0.537611 
4.67261 0.191263 6.84846 
1.09929 6.62255 3.24267 
1.61602 3.96325 2.94137 
2.71323 6.33231 2.30789 
0.252543 3.29866 1.78063 
3.79035 3.25136 0.272496 
0.672478 1.96519 6.25723 
5.51162 0.594254 4.2591 
0.498358 3.78981 3.2825 
1.04837 0.650179 5.39733 
2.61699 2.93142 3.08845 
2.36887 3.25718 1.94089 
0.198343 0.927149 9.01017 
2.63233 2.95721 6.14862 
3.43728 0.721342 6.87188 
1.55564 1.01236 3.85877 
0.196286 0.238807 9.2529 
0.275597 2.36844 2.40245 
4.47775 2.49496 4.50696 
5.56644 0.599299 2.15494 
2.23383 0.268207 7.75238 
2.99598 2.87621 3.96534 
2.14755 0.913513 4.09545 
1.91052 1.21015 4.68407 
0.89487 1.34661 2.3386 
0.210806 5.19185 2.809 
0.116858 0.274521 2.07884 
3.63489 1.25211 5.41726 
0.91324 2.69651 2.17225 
3.14882 1.25771 0.788308 
2.47184 3.67748 4.09273 
4.89839 1.00678 1.12213 
0.738908 6.00794 0.93906 
0.728864 1.70209 7.0786 
2.95549 0.984283 4.16796 
0.809941 3.92573 2.95438 
2.02553 1.16332 7.84932 
1.42923 4.95569 1.27355 
1.26508 1.15222 4.7697 
0.290898 4.44355 2.71244 
0.0356475 1.63962 2.98962 
0.0354482 1.1268 0.628551 
0.219184 3.83068 3.30715 
1.22915 1.05883 0.614616 
0.0135991 4.77465 3.6201 
0.0112334 1.43523 2.49344 
0.187056 5.71005 6.62379 
