0.999793 0.0161616 0.0123955 
0.0174055 0.999807 0.00905761 
0.000290371 0.000182388 1 
0.575513 0.578976 0.577556 
0.00207217 0.448883 0.893588 
0.88463 0.466231 0.00766073 
0.443742 0.895721 0.0278733 
0.452776 0.00338831 0.891618 
0.89434 0.00246016 0.447382 
0.00656079 0.893704 0.448609 
0.144413 0.144136 0.978964 
0.981609 0.137117 0.132825 
0.697615 0.696404 0.16839 
0.699229 0.178007 0.692381 
0.869528 0.354005 0.344386 
0.141894 0.979657 0.141911 
0.174583 0.696225 0.69627 
0.354366 0.34937 0.86739 
0.348047 0.869619 0.350181 
0.00253969 0.13159 0.991301 
0.937113 0.162863 0.308699 
0.635841 0.000816988 0.771819 
0.000780247 0.779489 0.626415 
0.00946901 0.992014 0.125774 
0.741641 0.55853 0.371501 
0.368222 0.743752 0.557894 
0.513415 0.170864 0.840958 
0.122253 0.00215796 0.992497 
0.00310802 0.962303 0.271961 
0.313616 0.936732 0.155492 
0.273577 0.00274146 0.961846 
0.175576 0.503725 0.845833 
0.743079 0.374327 0.554719 
0.373628 0.56058 0.739021 
0.559728 0.742669 0.367625 
0.509925 0.843585 0.168349 
0.631484 0.77523 0.0156831 
0.963421 0.00243796 0.267981 
0.260453 0.965483 0.00275405 
0.788964 0.6143 0.0130904 
0.935689 0.315774 0.157391 
0.558764 0.374883 0.73976 
0.15746 0.936534 0.313225 
0.846406 0.174693 0.503069 
0.316908 0.162629 0.93441 
0.84268 0.510659 0.170639 
0.00169984 0.626273 0.779602 
0.158879 0.31541 0.935561 
0.785043 0.00247269 0.619436 
0.171814 0.842259 0.51096 
0.959992 0.279936 0.00722345 
0.00555543 0.280227 0.959918 
0.992674 0.00496465 0.120721 
0.109661 0.993586 0.0275791 
0.993794 0.109649 0.0187111 
0.538583 0.0527391 0.84092 
0.350171 0.0509071 0.935301 
0.506463 0.700204 0.503199 
0.0328746 0.0463962 0.998382 
0.227995 0.890731 0.393214 
0.0579705 0.532533 0.844422 
0.042807 0.983047 0.178288 
0.671046 0.676005 0.304491 
0.63634 0.632448 0.441679 
0.0514031 0.937151 0.345117 
0.847435 0.527932 0.0560509 
0.179339 0.0462069 0.982702 
0.185389 0.981534 0.0471415 
0.901618 0.112853 0.41755 
0.30422 0.474058 0.826269 
0.958391 0.205183 0.198461 
0.618718 0.115628 0.777058 
0.781647 0.613428 0.112845 
0.594413 0.243636 0.766364 
0.697461 0.509075 0.504371 
0.239521 0.593906 0.768053 
0.936936 0.0543548 0.345248 
0.827504 0.303111 0.472611 
0.479319 0.29877 0.825221 
0.229801 0.388665 0.892262 
0.700628 0.710603 0.0645205 
0.593556 0.770287 0.233131 
0.475457 0.829058 0.294285 
0.444563 0.635434 0.631338 
0.63183 0.449618 0.631375 
0.112759 0.783009 0.611705 
0.528651 0.846665 0.0607181 
0.43047 0.10332 0.896672 
0.851914 0.053606 0.520931 
0.245565 0.100499 0.964157 
0.305098 0.676516 0.670255 
0.92261 0.278187 0.267212 
0.1016 0.965045 0.241589 
0.615607 0.780368 0.109787 
0.792332 0.435228 0.427535 
0.42608 0.796952 0.428163 
0.344767 0.937146 0.0537903 
0.675389 0.310784 0.668777 
0.389717 0.892956 0.225279 
0.0888637 0.991971 0.0899799 
0.42454 0.89901 0.107453 
0.829003 0.476043 0.293491 
0.767704 0.595552 0.236534 
0.893827 0.230328 0.384737 
0.784172 0.117831 0.609254 
0.434912 0.435229 0.788307 
0.115525 0.613537 0.781169 
0.966206 0.095672 0.239361 
0.272963 0.272629 0.922586 
0.103923 0.424603 0.899395 
0.997736 0.0389997 0.0547854 
0.768845 0.241347 0.592139 
0.0508831 0.184871 0.981445 
0.936003 0.347769 0.0543629 
0.0537687 0.705383 0.706784 
0.294813 0.827738 0.477426 
0.241938 0.965018 0.101023 
0.237555 0.768973 0.593505 
0.891384 0.394016 0.224023 
0.392105 0.23043 0.890593 
0.273485 0.924004 0.267252 
0.712716 0.0585004 0.699009 
0.0578287 0.846984 0.528463 
0.512835 0.506378 0.69324 
0.090452 0.0962549 0.991238 
0.897598 0.428374 0.103988 
0.0509942 0.345998 0.936848 
0.965595 0.244945 0.0873351 
0.983342 0.042579 0.176708 
0.0389845 0.998252 0.0444146 
0.105194 0.898525 0.42613 
0.211616 0.202607 0.956122 
0.20657 0.958327 0.197329 
0.106514 0.24353 0.964027 
0.991969 0.088938 0.0899287 
0.981061 0.188567 0.0442986 
0.0422255 0.00161575 0.999107 
0.00151123 0.824712 0.565551 
0.00094226 0.180169 0.983635 
0.0504475 0.971284 0.232515 
0.943719 0.00152182 0.330746 
0.282087 0.899046 0.334877 
0.976788 0.00267069 0.21419 
0.160914 0.381198 0.910382 
0.515805 0.00069554 0.856706 
0.385057 0.162504 0.908473 
0.882632 0.175075 0.436245 
0.921886 0.222973 0.316874 
0.391932 0.000167316 0.919994 
0.112198 0.486545 0.866421 
0.623876 0.688216 0.370321 
0.162076 0.910564 0.38027 
0.00142617 0.923948 0.382514 
0.639858 0.178932 0.747372 
0.4203 0.367064 0.829826 
0.501655 0.748253 0.43412 
0.293789 0.866479 0.403612 
0.754358 0.653907 0.0578743 
0.955606 0.154974 0.2506 
0.33461 0.00242853 0.942354 
0.625394 0.377143 0.683114 
0.303534 0.543888 0.782338 
0.678722 0.1108 0.725989 
0.192984 0.0910754 0.976966 
0.00315455 0.558913 0.82922 
0.575667 0.641881 0.506554 
0.0317138 0.999483 0.00520588 
0.782956 0.544666 0.30053 
0.114075 0.674252 0.729637 
0.439997 0.698685 0.564129 
0.940631 0.267887 0.208445 
0.633909 0.753855 0.17281 
0.291518 0.0501716 0.955249 
0.294868 0.950106 0.101738 
0.217825 0.326095 0.919899 
0.328744 0.944343 0.0119754 
0.374142 0.627902 0.682464 
0.684943 0.377154 0.623384 
0.185636 0.978067 0.0944719 
0.833568 0.42191 0.35659 
0.466874 0.882989 0.0485753 
0.0585472 0.757357 0.650371 
0.659458 0.713151 0.237761 
0.565039 0.697806 0.440225 
0.510775 0.577347 0.637008 
0.910954 0.380559 0.159179 
0.362653 0.926385 0.101456 
0.0548877 0.591961 0.804096 
0.910007 0.410276 0.0596695 
0.640124 0.511327 0.573399 
0.557745 0.112067 0.822412 
0.859374 0.236327 0.45346 
0.913578 0.164286 0.372002 
0.0834345 0.0475907 0.995376 
0.803199 0.592449 0.0622563 
0.4573 0.86036 0.225071 
0.785217 0.302667 0.540209 
0.512915 0.640264 0.571822 
0.545358 0.304915 0.780776 
0.547719 0.829561 0.108772 
0.681907 0.731211 0.018239 
0.750223 0.638155 0.172988 
0.71574 0.243632 0.654492 
0.0552374 0.805563 0.589929 
0.444439 0.567136 0.69342 
0.827387 0.110956 0.550562 
0.607554 0.733291 0.305226 
0.167449 0.881015 0.442463 
0.637982 0.574751 0.512483 
0.748805 0.441011 0.494773 
0.176987 0.57065 0.801894 
0.694784 0.570351 0.43815 
0.954142 0.26141 0.145872 
0.405305 0.867627 0.288014 
0.00597304 0.862968 0.505223 
0.366287 0.793145 0.486574 
0.533462 0.234106 0.812781 
0.791455 0.367451 0.488446 
0.458241 0.233312 0.85766 
0.746657 0.50227 0.436151 
0.488383 0.793095 0.363982 
0.336675 0.90005 0.276695 
0.670577 0.733934 0.108015 
0.052315 0.23945 0.969498 
0.0729365 0.995916 0.0532194 
0.236872 0.455087 0.858363 
0.049611 0.474271 0.87898 
0.868876 0.116222 0.481194 
0.83451 0.00240548 0.550988 
0.435545 0.749566 0.498448 
0.0523895 0.954969 0.292044 
0.866145 0.407147 0.28987 
0.00744132 0.984226 0.176758 
0.00404684 0.392356 0.919805 
0.112643 0.729546 0.674592 
0.684005 0.626148 0.374266 
0.237915 0.658526 0.713961 
0.236355 0.526944 0.816373 
0.572504 0.00227745 0.819899 
0.175901 0.751995 0.635266 
0.73415 0.608248 0.301758 
0.394801 0.917282 0.0522128 
0.171034 0.800408 0.574539 
0.859673 0.510771 0.00865214 
0.970651 0.19871 0.135468 
0.371639 0.913896 0.163336 
0.660039 0.0512845 0.749479 
0.0539503 0.913583 0.403058 
0.802938 0.175486 0.569645 
0.22708 0.972396 0.0536701 
0.577694 0.174887 0.797298 
0.999364 0.0314469 0.0168117 
0.572074 0.802328 0.170298 
0.800625 0.573416 0.173765 
0.927043 0.106237 0.359589 
0.138737 0.0950287 0.985759 
0.284368 0.334357 0.898521 
0.732052 0.309245 0.607015 
0.228425 0.858273 0.459553 
0.305513 0.608092 0.732725 
0.000420802 0.730862 0.682525 
0.942536 0.212158 0.258099 
0.0459469 0.0930315 0.994602 
0.123563 0.991102 0.0494889 
0.303385 0.731923 0.61012 
0.884628 0.0549811 0.463045 
0.170293 0.00220069 0.985391 
0.692364 0.446924 0.566472 
0.592333 0.804043 0.0515526 
0.495601 0.10527 0.862147 
0.417655 0.835115 0.357976 
0.210402 0.261921 0.941875 
0.370325 0.101496 0.923341 
0.519146 0.822417 0.232633 
0.377347 0.689623 0.618085 
0.868544 0.295844 0.397627 
0.973191 0.0434383 0.225859 
0.571611 0.440448 0.692291 
0.576261 0.513323 0.635942 
0.177704 0.635429 0.751433 
0.154843 0.956287 0.248071 
0.10566 0.358895 0.927378 
0.765011 0.0587785 0.641329 
0.896481 0.344001 0.279258 
0.0962013 0.189521 0.977153 
0.598203 0.0581889 0.799229 
0.977591 0.0983721 0.186113 
0.302874 0.781589 0.545332 
0.40825 0.293208 0.864501 
0.754279 0.176216 0.632465 
0.369023 0.491445 0.788862 
0.955508 0.291371 0.0459136 
0.489011 0.37463 0.787731 
0.898106 0.287696 0.332621 
0.732658 0.680271 0.0210552 
0.814698 0.529379 0.236695 
0.986407 0.141642 0.0832988 
0.717378 0.654909 0.237621 
0.327563 0.223238 0.918078 
0.724726 0.681416 0.102195 
0.0898594 0.987141 0.132201 
0.828381 0.548439 0.114015 
0.359846 0.419835 0.833216 
0.818978 0.573224 0.0262366 
0.00081271 0.677535 0.73549 
0.660323 0.239708 0.711698 
0.543298 0.783426 0.301778 
0.115182 0.823677 0.555239 
0.788487 0.494067 0.366314 
0.924567 0.366101 0.105576 
0.822547 0.237793 0.516596 
0.736555 0.000900937 0.676377 
0.918188 0.395893 0.0141443 
0.834618 0.366492 0.411214 
0.44561 0.880078 0.163997 
0.308582 0.100422 0.945882 
0.238801 0.715117 0.656949 
0.0919123 0.977671 0.188976 
0.174552 0.441563 0.880087 
0.0571905 0.650985 0.756934 
0.105491 0.926141 0.362125 
0.611305 0.30924 0.728476 
0.0485646 0.991069 0.124192 
0.289958 0.955487 0.054493 
0.103359 0.300847 0.948055 
0.565152 0.824386 0.0314847 
0.88036 0.44342 0.168358 
0.954988 0.0525509 0.291954 
0.295665 0.400186 0.867429 
0.113005 0.548614 0.828404 
0.735628 0.11136 0.66817 
0.160567 0.967411 0.195792 
0.109652 0.94823 0.298055 
0.235464 0.814754 0.529842 
0.99591 0.0477648 0.0766926 
0.923019 0.00802685 0.384671 
0.947835 0.104667 0.301088 
0.15186 0.193786 0.969219 
0.475788 0.0496319 0.878159 
0.214543 0.942685 0.255571 
0.380815 0.924618 0.00782959 
0.359131 0.8321 0.422651 
0.979608 0.182454 0.0841338 
0.650135 0.757427 0.06024 
0.990386 0.0466696 0.130225 
0.99829 0.00921017 0.0577173 
0.91855 0.331989 0.214592 
0.44839 0.168449 0.877822 
0.856029 0.46257 0.230744 
0.410847 0.0472912 0.910477 
0.50047 0.439285 0.746028 
0.209766 0.92036 0.330053 
0.969904 0.157732 0.185488 
0.878626 0.475034 0.04858 
0.987501 0.0878762 0.13084 
0.115891 0.865696 0.48697 
0.436541 0.5031 0.74587 
0.994526 0.0911323 0.0511251 
0.235559 0.0487072 0.970639 
0.128228 0.0431712 0.990805 
0.322283 0.920409 0.221318 
0.503007 0.864062 0.0195206 
0.81181 0.0527012 0.581539 
0.0534897 0.405249 0.91264 
0.0943923 0.139227 0.985751 
0.948767 0.301255 0.0953288 
0.00669714 0.944646 0.328022 
0.486287 0.867414 0.105445 
0.0081515 0.974301 0.225101 
0.0409317 0.995785 0.0820761 
0.156468 0.250544 0.955377 
0.686079 0.00237476 0.727523 
0.0572632 0.882538 0.466742 
0.14129 0.985912 0.0895283 
0.00497584 0.0845309 0.996408 
0.00624781 0.999411 0.0337539 
0.0816489 0.00382627 0.996654 
0.00995234 0.226523 0.973955 
0.266901 0.20597 0.941456 
0.264716 0.942231 0.205246 
0.0489402 0.139178 0.989057 
0.200657 0.144482 0.968949 
0.267053 0.149675 0.951988 
0.34385 0.280075 0.896284 
0.914479 0.0614798 0.399936 
0.996458 0.0807379 0.0235116 
0.946966 0.320391 0.0245868 
0.254816 0.954492 0.154965 
0.199583 0.969214 0.144189 
0.0471281 0.292786 0.955016 
0.97909 0.202649 0.0177796 
0.160382 0.986869 0.0191506 
0.867075 0.485195 0.112993 
0.00130239 0.503808 0.863815 
0.86606 0.00183973 0.499937 
0.00515902 0.996735 0.0805826 
0.985907 0.000810355 0.167289 
0.000305371 0.330588 0.943775 
0.989586 0.139128 0.0369172 
0.226324 1.76188e-05 0.974052 
0.074789 0.996875 0.0254428 
0.970873 0.235759 0.0426947 
0.00565692 0.0373715 0.999285 
0.223978 0.974292 0.0242625 
0.975082 0.221682 0.00845277 
0.999664 0.0127284 0.0225933 
0.118272 0.972188 0.202145 
0.0126522 0.590964 0.806599 
0.0500879 0.062787 0.996769 
0.995517 0.0131696 0.0936616 
0.906638 0.421239 0.0237817 
0.965643 0.0614146 0.252512 
0.0149184 0.35345 0.935335 
0.964934 0.132008 0.226884 
0.122751 0.074281 0.989654 
0.250756 0.246189 0.936222 
0.826599 0.153576 0.541432 
0.812402 0.0122289 0.582969 
0.0959141 0.583805 0.806209 
0.957444 0.117482 0.263628 
0.762518 0.0226454 0.646571 
0.745871 0.652112 0.135745 
0.0733143 0.0754718 0.994449 
0.0808535 0.277922 0.957195 
0.407127 0.895066 0.181946 
0.328881 0.6381 0.696179 
0.0174528 0.910146 0.413921 
0.862398 0.500061 0.078793 
0.30026 0.0168645 0.953708 
0.912077 0.0235163 0.409344 
0.141715 0.422471 0.895229 
0.9361 0.250101 0.24732 
0.195691 0.0123085 0.980588 
0.705051 0.135658 0.696061 
0.194985 0.935631 0.294236 
0.927424 0.145566 0.344522 
0.223598 0.165748 0.960485 
0.99884 0.0209279 0.043372 
0.799008 0.221192 0.559161 
0.62872 0.0742243 0.774081 
0.456689 0.129159 0.880201 
0.0643991 0.436066 0.897607 
0.926936 0.297593 0.228535 
0.791919 0.0763365 0.605836 
0.13807 0.754708 0.641367 
0.384947 0.448375 0.806707 
0.951804 0.248402 0.179907 
0.846918 0.318872 0.425501 
0.0358325 0.78222 0.621971 
0.486734 0.675939 0.553351 
0.240115 0.904579 0.352251 
0.962053 0.174267 0.209965 
0.552689 0.793237 0.255557 
0.982446 0.109349 0.151135 
0.913682 0.388925 0.117992 
0.986016 0.118737 0.116939 
0.597615 0.599332 0.532595 
0.625201 0.26432 0.734342 
0.446307 0.852661 0.271622 
0.647558 0.134642 0.750027 
0.0874791 0.461475 0.88283 
0.881639 0.470834 0.0320563 
0.6947 0.687702 0.210851 
0.0370746 0.828672 0.558505 
0.397769 0.586649 0.705424 
0.633746 0.700916 0.327234 
0.436719 0.0674605 0.897065 
0.899468 0.153036 0.409314 
0.863183 0.19463 0.465869 
0.504166 0.325821 0.799786 
0.202972 0.363428 0.909243 
0.6082 0.674322 0.418787 
0.622658 0.740185 0.253819 
0.655996 0.594358 0.465196 
0.143115 0.989454 0.0223168 
0.0848896 0.93883 0.333753 
0.322775 0.88952 0.323374 
0.307455 0.879886 0.362315 
0.346897 0.175491 0.921339 
0.0174252 0.989936 0.140438 
0.0545778 0.987542 0.147587 
0.250678 0.967753 0.0247977 
0.585988 0.136398 0.798757 
0.375827 0.846575 0.376914 
0.0760248 0.782995 0.617365 
0.673748 0.421506 0.606957 
0.883807 0.0936191 0.458389 
0.261707 0.621769 0.738182 
0.276651 0.851244 0.445923 
0.896727 0.417155 0.147859 
0.177347 0.124278 0.97627 
0.281378 0.51631 0.808857 
0.663745 0.353498 0.659152 
0.0749137 0.94957 0.304476 
0.257666 0.48633 0.83492 
0.401566 0.652799 0.642338 
0.155407 0.668189 0.72758 
0.337433 0.12539 0.932961 
0.719919 0.600068 0.348762 
0.43614 0.843338 0.313947 
0.298036 0.90669 0.298475 
0.620042 0.780323 0.0815094 
0.991146 0.129312 0.0301399 
0.775477 0.347057 0.527434 
0.562614 0.798872 0.212764 
0.629206 0.0394203 0.776238 
0.472499 0.781181 0.408046 
0.17189 0.961607 0.213929 
0.21754 0.496414 0.840387 
0.480085 0.486986 0.729632 
0.661081 0.7246 0.194749 
0.0234704 0.528766 0.848443 
0.479868 0.735042 0.478999 
0.74145 0.263605 0.617062 
0.128727 0.884717 0.448001 
0.410079 0.190681 0.891895 
0.891096 0.325886 0.315826 
0.0387528 0.565716 0.823689 
0.305154 0.294299 0.905687 
0.348847 0.530414 0.772636 
0.614065 0.15256 0.77437 
0.32661 0.325579 0.887313 
0.353301 0.667185 0.655777 
0.55455 0.486689 0.674988 
0.278687 0.444454 0.851349 
0.956604 0.0168459 0.290905 
0.0776467 0.621288 0.779726 
0.19649 0.598366 0.776756 
0.961455 0.221593 0.162792 
0.298408 0.95427 0.0179463 
0.520775 0.279969 0.80648 
0.807321 0.384176 0.447931 
0.711104 0.39802 0.579578 
0.649079 0.401598 0.646077 
0.141801 0.288389 0.946955 
0.709495 0.0219101 0.70437 
0.462472 0.715238 0.523978 
0.114233 0.990391 0.0779531 
0.845242 0.534062 0.0185655 
0.848654 0.0923619 0.520821 
0.070255 0.966831 0.245565 
0.602292 0.797959 0.0224948 
0.138491 0.963544 0.228919 
0.597408 0.72319 0.346555 
0.678738 0.550906 0.48561 
0.777543 0.196069 0.597481 
0.927157 0.372706 0.0383453 
0.617529 0.617832 0.486767 
0.872075 0.422764 0.246488 
0.619857 0.556325 0.553426 
0.523611 0.129306 0.842087 
0.0162417 0.757004 0.653209 
0.670791 0.612015 0.418901 
0.283033 0.649525 0.705698 
0.492386 0.250804 0.833459 
0.596403 0.0157189 0.802531 
0.465649 0.658049 0.591729 
0.878371 0.21558 0.426602 
0.731691 0.151367 0.664618 
0.436808 0.320683 0.840453 
0.223654 0.0851255 0.970944 
0.661136 0.532378 0.528652 
0.810027 0.517963 0.2749 
0.391054 0.76328 0.514277 
0.511905 0.0341083 0.858365 
0.393182 0.12471 0.910964 
0.438547 0.897882 0.0385241 
0.214844 0.796387 0.56534 
0.651585 0.70502 0.279972 
0.672714 0.157871 0.722864 
0.710157 0.584696 0.392183 
0.133974 0.580469 0.803185 
0.827717 0.556571 0.0715027 
0.945247 0.0320971 0.324774 
0.171084 0.0751648 0.982385 
0.134765 0.703034 0.69827 
0.609416 0.424072 0.669907 
0.492318 0.618972 0.611962 
0.0373669 0.926908 0.373423 
0.608845 0.778775 0.151056 
0.593902 0.657327 0.463899 
0.779153 0.41446 0.470259 
0.26701 0.963136 0.0327793 
0.600939 0.775146 0.19499 
0.555158 0.558025 0.616772 
0.466012 0.0879191 0.880399 
0.349828 0.721794 0.597189 
0.583263 0.710871 0.393022 
0.2736 0.958373 0.0816366 
0.780651 0.623771 0.0386424 
0.708168 0.647427 0.281667 
0.387194 0.91477 0.115228 
0.0542052 0.0170956 0.998383 
0.808475 0.450551 0.378644 
0.217477 0.563339 0.79709 
0.0212487 0.653855 0.756322 
0.533833 0.661475 0.526758 
0.692995 0.720628 0.0212861 
0.935348 0.19671 0.293988 
0.593968 0.35584 0.721512 
0.604591 0.202476 0.770372 
0.914603 0.131358 0.382422 
0.555412 0.617953 0.556463 
0.174406 0.9457 0.274288 
0.0203502 0.804449 0.593674 
0.52341 0.719664 0.456208 
0.323815 0.800849 0.50377 
0.65506 0.467581 0.593518 
0.879275 0.365913 0.304932 
0.212935 0.876147 0.432464 
0.184804 0.975641 0.118201 
0.0941661 0.521081 0.848297 
0.664225 0.660409 0.350236 
0.820974 0.569934 0.0343187 
0.651925 0.283732 0.7032 
0.393777 0.519669 0.758211 
0.72354 0.689166 0.0392431 
0.776811 0.610817 0.153188 
0.730224 0.48532 0.480872 
0.366311 0.878141 0.307709 
0.211241 0.0352557 0.976798 
0.493863 0.843571 0.210921 
0.557791 0.259817 0.788267 
0.751827 0.329205 0.571297 
0.758876 0.518178 0.394459 
0.728835 0.543281 0.416708 
0.0709093 0.731867 0.677748 
0.843205 0.434742 0.316235 
0.865095 0.154081 0.477356 
0.765826 0.28138 0.578217 
0.752092 0.572759 0.326044 
0.946004 0.297968 0.127639 
0.0679892 0.20355 0.976701 
0.183707 0.897323 0.401326 
0.420061 0.612648 0.669486 
0.753301 0.657237 0.0240147 
0.291899 0.227653 0.928961 
0.32672 0.572075 0.752319 
0.0921526 0.704308 0.703888 
0.195509 0.722131 0.663553 
0.452188 0.768074 0.453418 
0.195955 0.978746 0.0604809 
0.726033 0.422297 0.542717 
0.647361 0.650401 0.397369 
0.136433 0.512441 0.847815 
0.564578 0.0697233 0.82243 
0.822333 0.34296 0.454035 
0.195848 0.773527 0.602743 
0.015297 0.00927191 0.99984 
0.450534 0.884256 0.122927 
0.780096 0.156156 0.605859 
0.831174 0.0730366 0.551195 
0.130755 0.803152 0.581249 
0.129454 0.844957 0.51893 
0.707895 0.0938588 0.700054 
0.553285 0.678534 0.483185 
0.516297 0.395397 0.75967 
0.199087 0.302375 0.932166 
0.584654 0.28533 0.759451 
0.158019 0.540738 0.826216 
0.616744 0.492089 0.61439 
0.580047 0.809399 0.0917507 
0.027992 0.96514 0.260234 
0.487293 0.147759 0.860646 
0.191939 0.404668 0.894094 
0.669856 0.725772 0.156678 
0.0120067 0.151512 0.988383 
0.262183 0.556805 0.788181 
0.108967 0.993436 0.0347968 
0.338206 0.820725 0.460464 
0.97354 0.216987 0.0716729 
0.259923 0.741438 0.618635 
0.324872 0.699496 0.636525 
0.868499 0.0754142 0.489921 
0.33703 0.9381 0.0798728 
0.143678 0.0113503 0.989559 
0.747848 0.222726 0.625394 
0.167881 0.159859 0.97276 
0.972684 0.0201036 0.23126 
0.103007 0.0630075 0.992683 
0.723833 0.200224 0.660285 
0.0190648 0.878698 0.476998 
0.532271 0.534317 0.656653 
0.419965 0.676336 0.605144 
0.886427 0.383568 0.25908 
0.0799381 0.98294 0.165648 
0.897275 0.0351818 0.440068 
0.00115647 0.0623035 0.998057 
0.491162 0.551006 0.67465 
0.351416 0.60189 0.717102 
0.418236 0.250168 0.873209 
0.781778 0.619276 0.0729404 
0.583787 0.398328 0.70748 
0.715341 0.527247 0.458582 
0.677123 0.490074 0.548937 
0.906168 0.249783 0.341274 
0.580954 0.803625 0.129145 
0.445757 0.392022 0.804748 
0.797729 0.56422 0.212801 
0.684022 0.0719551 0.725904 
0.527553 0.463788 0.71175 
0.181178 0.337849 0.923598 
0.629057 0.74785 0.21215 
0.599424 0.536588 0.593939 
0.513591 0.810607 0.28132 
0.635853 0.759801 0.135622 
0.217941 0.631055 0.744494 
0.943081 0.286005 0.169706 
0.26661 0.035858 0.963137 
0.981566 0.17626 0.073899 
0.344517 0.927585 0.144551 
0.271563 0.375964 0.885948 
0.533128 0.599544 0.596927 
0.211536 0.97445 0.0754959 
0.0342362 0.985289 0.167434 
0.191331 0.858172 0.476375 
0.709065 0.28693 0.644126 
0.948246 0.231528 0.217311 
0.822556 0.40486 0.399362 
0.517473 0.846149 0.127488 
0.698295 0.710356 0.0881907 
0.447213 0.0344734 0.893763 
0.757606 0.646931 0.0866781 
0.0555011 0.977223 0.204829 
0.358465 0.91028 0.207109 
0.152802 0.727818 0.668531 
0.638317 0.328788 0.696024 
0.409948 0.779506 0.473616 
0.671145 0.737344 0.0767323 
0.0781445 0.828813 0.554041 
0.0188671 0.981209 0.192021 
0.0735652 0.898004 0.433795 
0.45004 0.271177 0.850839 
0.631827 0.222876 0.742375 
0.979711 0.0689553 0.188181 
0.195911 0.532661 0.823342 
0.281759 0.764987 0.579143 
0.0179347 0.417995 0.908272 
0.465253 0.86537 0.186212 
0.518074 0.760112 0.392211 
0.77503 0.476211 0.415393 
0.881482 0.453233 0.132548 
0.379515 0.372857 0.846727 
0.964826 0.231995 0.123651 
0.90077 0.188217 0.391392 
0.325112 0.937375 0.125023 
0.335845 0.924194 0.181861 
0.928364 0.316834 0.194311 
0.117001 0.205763 0.971583 
0.0876901 0.393587 0.915095 
0.699694 0.332517 0.632345 
0.0831147 0.227275 0.970277 
0.848824 0.378042 0.369571 
0.260202 0.683759 0.681739 
0.832901 0.0334982 0.552407 
0.464047 0.342681 0.816841 
0.996838 0.0346872 0.0714836 
0.900662 0.0779275 0.427474 
0.804066 0.320441 0.500795 
0.154681 0.779334 0.607217 
0.0337813 0.945586 0.323614 
0.0245233 0.955308 0.294594 
0.0319704 0.124782 0.991669 
0.215203 0.746091 0.630108 
0.537617 0.194744 0.820392 
0.53321 0.8239 0.192033 
0.975479 0.158445 0.152758 
0.851756 0.276807 0.444847 
0.457753 0.821903 0.339026 
0.76284 0.392185 0.514068 
0.539855 0.828486 0.148887 
0.682946 0.683651 0.257305 
0.107424 0.988899 0.102659 
0.390353 0.858258 0.333193 
0.989648 0.102331 0.100621 
0.850613 0.450399 0.27129 
0.82428 0.545343 0.152195 
0.946567 0.172059 0.272774 
0.0207397 0.848567 0.528681 
0.66749 0.196963 0.718097 
0.128373 0.381518 0.915404 
0.895644 0.404546 0.184835 
0.281224 0.808795 0.516492 
0.750762 0.625452 0.212523 
0.19918 0.908221 0.368052 
0.0173602 0.104318 0.994392 
0.484993 0.837789 0.250781 
0.764635 0.580488 0.279941 
0.55334 0.830233 0.0672949 
0.194829 0.821126 0.536465 
0.385473 0.807447 0.446586 
0.0699533 0.99719 0.0267927 
0.0373814 0.729908 0.682522 
0.1975 0.466615 0.862128 
0.236239 0.289639 0.927524 
0.334368 0.39226 0.856931 
0.569278 0.331804 0.752215 
0.367946 0.307607 0.877493 
0.0904283 0.758933 0.644859 
0.545406 0.416761 0.727216 
0.475381 0.413084 0.776772 
0.342526 0.462651 0.817698 
0.324271 0.754574 0.570496 
0.948857 0.0693945 0.307984 
0.236477 0.928427 0.286534 
0.50146 0.070153 0.862332 
0.00790691 0.999261 0.0376197 
0.214848 0.838121 0.501392 
0.346385 0.937731 0.0260264 
0.158329 0.02817 0.986984 
0.800455 0.598736 0.02805 
0.310408 0.91457 0.259245 
0.215504 0.427991 0.877714 
0.574406 0.752207 0.322866 
0.374369 0.889994 0.260303 
0.444835 0.808246 0.385824 
0.411854 0.732914 0.541492 
0.723528 0.673657 0.150641 
0.986213 0.157556 0.0505931 
0.0189788 0.708279 0.705678 
0.895322 0.439976 0.0694255 
0.264573 0.883598 0.386336 
0.833839 0.489698 0.254771 
0.957367 0.276874 0.0823958 
0.996702 0.0622927 0.0520004 
0.403056 0.404641 0.82086 
0.994723 0.0732028 0.0718785 
0.0676345 0.499184 0.863852 
0.0951211 0.0198773 0.995267 
0.423153 0.147365 0.893994 
0.529984 0.774054 0.346348 
0.874236 0.43928 0.206748 
0.859213 0.334106 0.387461 
0.0742827 0.994756 0.0703065 
0.150353 0.474694 0.867214 
0.393441 0.712622 0.580839 
0.0867225 0.333946 0.938594 
0.992513 0.111173 0.0505749 
0.0403446 0.62599 0.778786 
0.0873192 0.957891 0.273532 
0.694705 0.640376 0.327572 
0.192023 0.180211 0.964703 
0.190624 0.235601 0.952971 
0.37381 0.0689049 0.924942 
0.257186 0.959581 0.114275 
0.958587 0.0869801 0.271191 
0.956032 0.292842 0.0157098 
0.925343 0.179259 0.334076 
0.800392 0.506231 0.321097 
0.78737 0.0429295 0.614985 
0.309197 0.948786 0.064823 
0.215387 0.689865 0.691155 
0.464821 0.59244 0.657994 
0.0414672 0.864016 0.501754 
0.478678 0.193517 0.856399 
0.762577 0.0973719 0.639528 
0.595994 0.465939 0.653982 
0.196896 0.661502 0.723635 
0.399375 0.911679 0.0966478 
0.765469 0.455601 0.454407 
0.157669 0.606329 0.779427 
0.0381739 0.214664 0.975942 
0.948291 0.136361 0.286617 
0.467567 0.526985 0.709696 
0.594602 0.0944043 0.798459 
0.0350935 0.682085 0.73043 
0.906823 0.307616 0.288174 
0.532007 0.0894747 0.841999 
0.936939 0.339105 0.0845759 
0.370928 0.197577 0.9074 
0.113514 0.154511 0.981448 
0.954111 0.187273 0.23367 
0.756936 0.1341 0.639582 
0.885675 0.135799 0.444003 
0.290687 0.946916 0.137296 
0.971954 0.075747 0.222638 
0.804177 0.584369 0.108683 
0.738735 0.0748299 0.669829 
0.843315 0.218171 0.491143 
0.0736552 0.677513 0.731813 
0.217718 0.975678 0.0255059 
0.432109 0.880214 0.196227 
0.147029 0.925247 0.349714 
0.0716046 0.373372 0.924914 
0.723273 0.664558 0.187723 
0.361102 0.0117454 0.932452 
0.461758 0.458602 0.759252 
0.105241 0.983296 0.148502 
0.966087 0.185627 0.179493 
0.531714 0.84635 0.0311792 
0.254228 0.836041 0.486214 
0.403097 0.0909062 0.910631 
0.771823 0.532527 0.347426 
0.987583 0.0278246 0.154614 
0.255287 0.320785 0.9121 
0.821558 0.536356 0.1933 
0.567469 0.0320984 0.822769 
0.421512 0.0126076 0.906735 
0.156821 0.984588 0.0774223 
0.22411 0.948952 0.221955 
0.417818 0.547681 0.724896 
0.397176 0.332747 0.855296 
0.408623 0.900973 0.145857 
0.0213316 0.196232 0.980325 
0.521763 0.848677 0.0866607 
0.126331 0.911746 0.390844 
0.624155 0.780197 0.0415129 
0.695193 0.221579 0.68382 
0.990859 0.0724462 0.113796 
0.0769316 0.124964 0.989174 
0.480896 0.864374 0.146958 
0.0960762 0.803723 0.587195 
0.0800864 0.166817 0.98273 
0.870323 0.0338554 0.491316 
0.285492 0.583448 0.760317 
0.814516 0.278206 0.509082 
0.647729 0.761656 0.0180997 
0.189181 0.965682 0.17796 
0.127142 0.956971 0.260847 
0.743456 0.618785 0.25373 
0.194301 0.951564 0.238272 
0.0312927 0.449635 0.892664 
0.847185 0.13267 0.514467 
0.688472 0.724174 0.0397259 
0.12367 0.325488 0.937424 
0.151637 0.863617 0.480803 
0.807689 0.136239 0.573653 
0.977799 0.208516 0.0207349 
0.928914 0.239864 0.282106 
0.121207 0.268248 0.955695 
0.979455 0.0287417 0.199603 
0.817986 0.467649 0.334967 
0.0582784 0.993667 0.0960671 
0.711491 0.466941 0.525117 
0.795275 0.260707 0.547329 
0.333515 0.860054 0.386102 
0.822227 0.196845 0.534036 
0.28253 0.93149 0.229135 
0.0778289 0.557332 0.826634 
0.98393 0.0784385 0.160406 
0.327951 0.0336851 0.944094 
0.495172 0.868035 0.0363447 
0.538919 0.0150084 0.842224 
0.279569 0.0901613 0.955883 
0.958215 0.264186 0.10968 
0.162228 0.974723 0.153616 
0.256097 0.419015 0.871114 
0.250812 0.915541 0.314449 
0.993304 0.0562223 0.100925 
0.102441 0.646296 0.756179 
0.240559 0.133464 0.961415 
0.380154 0.0307238 0.924413 
0.963167 0.0337069 0.266782 
0.860521 0.391523 0.325904 
0.685981 0.265382 0.677497 
0.738739 0.0352276 0.67307 
0.971651 0.21 0.108605 
0.350184 0.773824 0.527795 
0.43964 0.204787 0.874516 
0.888406 0.26767 0.372943 
0.799702 0.585781 0.131675 
0.977132 0.130763 0.167672 
0.937208 0.121125 0.327061 
0.925662 0.0428054 0.375923 
0.382956 0.26573 0.884722 
0.397785 0.8247 0.40204 
0.496333 0.806522 0.321208 
0.130069 0.124009 0.983719 
0.312771 0.361305 0.878426 
0.319981 0.427347 0.845569 
0.157828 0.981314 0.110064 
0.478988 0.0152494 0.877689 
0.528929 0.353038 0.77175 
0.0908953 0.849952 0.51896 
0.851742 0.0179478 0.523654 
0.792224 0.554471 0.254838 
0.321468 0.506371 0.800154 
0.371893 0.924922 0.0788281 
0.652664 0.0936369 0.751839 
0.580356 0.766412 0.275318 
0.8797 0.466948 0.089929 
0.903691 0.35535 0.23889 
0.719125 0.359137 0.594878 
0.0247118 0.251519 0.967537 
0.549179 0.148203 0.822459 
0.261494 0.0670541 0.962873 
0.0299707 0.0288225 0.999135 
0.135203 0.176819 0.974913 
0.448954 0.889315 0.0869406 
0.415215 0.909357 0.0258113 
0.156361 0.987228 0.030536 
0.881424 0.309738 0.356587 
0.90023 0.433948 0.035716 
0.994032 0.0294419 0.10504 
0.28371 0.711138 0.643266 
0.859493 0.474918 0.189012 
0.246833 0.0210533 0.968829 
0.728265 0.68105 0.0761665 
0.13765 0.232917 0.962706 
0.657175 0.0192167 0.753493 
0.136736 0.640979 0.755281 
0.251166 0.93588 0.247072 
0.0656936 0.039258 0.997067 
0.0184364 0.995118 0.0969501 
0.255414 0.789427 0.558183 
0.123083 0.935751 0.330484 
0.413096 0.478878 0.774614 
0.973137 0.121726 0.195416 
0.0830688 0.86951 0.486879 
0.839009 0.501202 0.2118 
0.314751 0.843355 0.435527 
0.016014 0.970205 0.241758 
0.845204 0.525149 0.0992449 
0.537886 0.730908 0.420062 
0.416976 0.873016 0.252932 
0.643769 0.760257 0.0870068 
0.29493 0.935869 0.192784 
0.912979 0.270266 0.305657 
0.245547 0.183789 0.951803 
0.0717448 0.927084 0.367924 
0.983592 0.145805 0.106246 
0.863928 0.478815 0.156091 
0.0637791 0.314573 0.947088 
0.945693 0.318912 0.0629291 
0.257999 0.96373 0.0682693 
0.150187 0.0617723 0.986726 
0.0862893 0.971624 0.22023 
0.873524 0.252602 0.41611 
0.185096 0.923729 0.335358 
0.151842 0.821516 0.549596 
0.927522 0.367245 0.0695276 
0.319261 0.258652 0.911686 
0.506499 0.214883 0.835035 
0.913764 0.0974236 0.39439 
0.171536 0.277313 0.945343 
0.920499 0.346082 0.181409 
0.699718 0.703789 0.122784 
0.99917 0.0281399 0.029459 
0.570445 0.211538 0.793627 
0.319383 0.0684248 0.945152 
0.92649 0.350814 0.136185 
0.251064 0.8736 0.416881 
0.310528 0.193477 0.930666 
0.0861913 0.915364 0.393293 
0.157672 0.107908 0.981578 
0.775887 0.600492 0.193412 
0.935208 0.0833986 0.344138 
0.34153 0.0923253 0.935325 
0.240795 0.952191 0.188016 
0.197995 0.0635902 0.978138 
0.0334484 0.375712 0.926133 
0.0785291 0.989609 0.120447 
0.990366 0.115599 0.0762346 
0.221777 0.228692 0.9479 
0.933329 0.0215193 0.358378 
0.0234966 0.997171 0.0713997 
0.14763 0.350172 0.924978 
0.473955 0.880264 0.0224285 
0.032335 0.320518 0.94669 
0.121936 0.452023 0.883633 
0.983 0.0135756 0.183101 
0.870075 0.491566 0.0365068 
0.0457424 0.998869 0.0129792 
0.840734 0.523096 0.139779 
0.909421 0.406756 0.0866149 
0.218984 0.961263 0.167391 
0.686422 0.0409165 0.726052 
0.278138 0.172638 0.9449 
0.331761 0.943227 0.0160112 
0.276893 0.946166 0.16763 
0.355827 0.144218 0.923357 
0.906754 0.368425 0.205087 
0.0132176 0.998685 0.0495334 
0.125383 0.976699 0.174178 
0.148004 0.898389 0.413511 
0.97396 0.225568 0.0228263 
0.0403241 0.894022 0.446206 
0.0341642 0.165022 0.985698 
0.999028 0.00887703 0.0431707 
0.975833 0.179346 0.124837 
0.239344 0.353587 0.904262 
0.0143298 0.937142 0.348654 
0.556584 0.82998 0.0367042 
0.986622 0.0659672 0.149084 
0.0198712 0.299773 0.953804 
0.991449 0.0169969 0.129384 
0.371445 0.927278 0.0467395 
0.929248 0.36906 0.0171057 
0.104719 0.992548 0.0623058 
0.883667 0.0183245 0.467756 
0.995894 0.0709814 0.0561881 
0.176257 0.210157 0.961648 
0.0983675 0.883987 0.457046 
0.208292 0.115618 0.971209 
0.839377 0.257518 0.478676 
0.110609 0.101822 0.988634 
0.911473 0.212466 0.352242 
0.960313 0.277626 0.0268771 
0.295182 0.131369 0.946367 
0.111723 0.0270435 0.993371 
0.140483 0.944508 0.296934 
0.353447 0.244627 0.902903 
0.0283346 0.0691229 0.997206 
0.975923 0.211848 0.0519179 
0.994358 0.102063 0.0289056 
0.0633472 0.997739 0.0224501 
0.806465 0.102 0.582417 
0.913905 0.313638 0.257698 
0.0133386 0.477638 0.878456 
0.419574 0.904647 0.0746362 
0.981587 0.187731 0.0352653 
0.497396 0.864754 0.0692655 
0.208126 0.971819 0.11069 
0.0335109 0.976464 0.21306 
0.0579336 0.264478 0.96265 
0.925664 0.078577 0.370098 
0.344049 0.907648 0.240426 
0.272498 0.117422 0.954964 
0.937856 0.326873 0.116532 
0.0336918 0.501174 0.86469 
0.0637245 0.101309 0.992812 
0.0462922 0.997598 0.0515368 
0.985875 0.162304 0.0413215 
0.99213 0.115474 0.0484106 
0.225292 0.964946 0.134617 
0.188836 0.981458 0.0328866 
0.964184 0.258163 0.0608439 
0.0169207 0.999122 0.0383366 
0.122409 0.986005 0.113178 
0.0626674 0.154195 0.986051 
0.998762 0.0256262 0.0426366 
0.00230833 0.995292 0.0968933 
5.93034e-05 0.250145 0.968208 
0.942164 0.333361 0.0345991 
0.0306525 0.270285 0.962292 
0.0355744 0.993529 0.107865 
0.998573 0.0259389 0.0466816 
0.909072 0.00139609 0.416637 
0.142991 0.988372 0.0517207 
0.101302 0.00230402 0.994853 
0.0738059 0.975695 0.206332 
0.1644 0.982094 0.0920012 
0.0278954 0.0127383 0.99953 
0.971381 0.0997197 0.215583 
0.800006 0.02479 0.59948 
0.146207 0.974189 0.171987 
0.994978 0.084959 0.0529219 
0.811697 0.0770653 0.578972 
0.941448 0.335184 0.0364438 
0.976824 0.0483269 0.208517 
0.0320529 0.398062 0.916798 
0.0327153 0.085225 0.995824 
0.00146525 0.954294 0.298864 
0.0254602 0.992264 0.12151 
0.00127437 0.0245396 0.999698 
0.381532 0.905386 0.186308 
0.619295 0.0192242 0.784923 
0.275317 0.297533 0.914152 
0.0357568 0.905888 0.422006 
0.115019 0.992153 0.0490184 
0.967126 0.00198178 0.254289 
0.988722 0.00558102 0.149658 
0.0198825 0.0482538 0.998637 
0.930451 0.00186342 0.366413 
0.123426 0.404032 0.90638 
0.0208493 0.609595 0.792439 
0.0785442 0.252483 0.964408 
0.16507 0.983203 0.0778726 
0.000992721 0.536699 0.843773 
0.0604231 0.00070746 0.998173 
0.00169251 0.876581 0.481251 
0.44332 0.894111 0.0635083 
0.027655 0.997361 0.0671291 
0.0951526 0.993816 0.0572393 
0.164136 0.406591 0.898745 
0.00328134 0.915806 0.401607 
0.531755 0.846873 0.006466 
0.146325 0.451617 0.880131 
0.173868 0.484215 0.8575 
0.948858 0.313121 0.0402821 
0.00133494 0.649263 0.760563 
0.757711 7.4144e-05 0.652591 
0.99691 0.0440186 0.0650525 
0.980612 0.181751 0.0732515 
0.0532721 0.997777 0.0400368 
0.808119 0.342885 0.47893 
0.0909014 0.482616 0.871102 
0.0749131 0.0209721 0.99697 
0.854631 0.518194 0.0328687 
0.145345 0.0462955 0.988297 
0.082238 0.417295 0.905043 
0.967936 0.0194542 0.250443 
0.0599317 0.981535 0.181649 
0.0548268 0.120275 0.991225 
0.975729 0.215334 0.0397962 
0.772864 0.620839 0.1313 
0.979776 0.167347 0.109704 
0.0416699 0.42463 0.904408 
0.0325878 0.938174 0.344628 
0.467998 0.613328 0.636243 
