0.999226 0.00796645 0.0385097 
0.00817839 0.999495 0.030697 
0.000612272 0.000611838 1 
0.668331 0.464515 0.580999 
0.144778 0.655032 0.741602 
0.711379 0.365968 0.600006 
0.368319 0.740656 0.561934 
0.513451 0.228495 0.827139 
0.751675 0.382934 0.53698 
0.0895431 0.91886 0.38429 
0.544156 0.30182 0.782815 
0.796811 0.583832 0.155669 
0.521064 0.520672 0.676308 
0.644018 0.427532 0.634395 
0.665026 0.313574 0.6778 
0.330139 0.776937 0.536075 
0.302555 0.691713 0.655739 
0.274688 0.389512 0.879106 
0.409263 0.707464 0.576193 
0.16143 0.390287 0.90643 
0.7147 0.370793 0.593056 
0.608987 0.433971 0.66393 
0.572756 0.680403 0.457168 
0.219577 0.934853 0.278991 
0.650855 0.406692 0.641084 
0.302991 0.680507 0.667164 
0.663801 0.192934 0.722596 
0.313791 0.0559182 0.947844 
0.120663 0.80738 0.577562 
0.259344 0.836497 0.482714 
0.236273 0.249855 0.939014 
0.346703 0.643518 0.682409 
0.484972 0.65042 0.584598 
0.266384 0.819754 0.506994 
0.369094 0.463101 0.805796 
0.557814 0.728795 0.397117 
0.673025 0.737238 0.0593051 
0.959832 0.0820821 0.2683 
0.398334 0.83507 0.379459 
0.593142 0.532247 0.604066 
0.678718 0.419022 0.603127 
0.425492 0.540088 0.726127 
0.183437 0.772894 0.607442 
0.601201 0.150086 0.784876 
0.367705 0.345867 0.863232 
0.804205 0.47888 0.352035 
0.0190461 0.549319 0.835396 
0.198686 0.482235 0.853214 
0.845982 0.0990593 0.52393 
0.198642 0.62378 0.755936 
0.78054 0.266373 0.565511 
0.0480149 0.603069 0.796243 
0.886579 0.0444171 0.460441 
0.19271 0.977331 0.0876808 
0.893482 0.18981 0.407016 
0.504354 0.0908855 0.8587 
0.266944 0.114396 0.956898 
0.450945 0.461456 0.764007 
0.133385 0.0447958 0.990051 
0.188896 0.755663 0.62713 
0.0707446 0.702171 0.708485 
0.33359 0.85366 0.399978 
0.567708 0.428613 0.70285 
0.640901 0.669816 0.374956 
0.151522 0.726023 0.67077 
0.80574 0.372686 0.460313 
0.198736 0.136414 0.970513 
0.257145 0.873606 0.413146 
0.824776 0.242372 0.510883 
0.211316 0.339474 0.916571 
0.953147 0.217629 0.210114 
0.582721 0.115524 0.804419 
0.567037 0.575515 0.589281 
0.462927 0.214567 0.860035 
0.587697 0.585614 0.558273 
0.208631 0.66123 0.720588 
0.881301 0.329005 0.33921 
0.557707 0.690829 0.460127 
0.475759 0.653589 0.588621 
0.248518 0.629839 0.735895 
0.628221 0.676146 0.384921 
0.44151 0.754732 0.48523 
0.313311 0.740855 0.594113 
0.279222 0.758031 0.589427 
0.459695 0.384069 0.800732 
0.1479 0.788396 0.597125 
0.377711 0.68998 0.617464 
0.453472 0.103346 0.885258 
0.871307 0.0396356 0.489134 
0.276761 0.16852 0.946047 
0.210893 0.596856 0.774136 
0.786736 0.418489 0.453776 
0.283602 0.891318 0.353726 
0.822834 0.542905 0.167925 
0.719118 0.41823 0.554935 
0.286505 0.72286 0.628799 
0.571214 0.745799 0.342781 
0.701538 0.391619 0.595381 
0.650546 0.671014 0.355711 
0.0972363 0.988518 0.115661 
0.465866 0.785059 0.408229 
0.885136 0.37879 0.270282 
0.844335 0.440258 0.305404 
0.738845 0.251062 0.625361 
0.817767 0.0840564 0.569379 
0.26972 0.379995 0.884791 
0.136341 0.420196 0.897132 
0.790902 0.210379 0.574643 
0.203553 0.187355 0.96097 
0.11811 0.352221 0.928434 
0.967762 0.221294 0.120273 
0.804981 0.273203 0.526655 
0.135951 0.274328 0.951978 
0.752807 0.430349 0.498077 
0.259007 0.645692 0.718329 
0.209458 0.734538 0.645431 
0.541992 0.797013 0.266486 
0.571527 0.58285 0.577618 
0.662968 0.388273 0.640092 
0.300892 0.202103 0.931997 
0.538073 0.666631 0.51583 
0.605761 0.0580718 0.793525 
0.131539 0.80122 0.583733 
0.373917 0.463381 0.803408 
0.10368 0.113673 0.988094 
0.719431 0.571945 0.394078 
0.0638522 0.28957 0.955025 
0.846752 0.290279 0.445813 
0.920895 0.0502588 0.386558 
0.0702802 0.93914 0.336269 
0.10911 0.638002 0.762265 
0.17366 0.456589 0.872564 
0.512438 0.842647 0.165389 
0.147154 0.43637 0.887652 
0.959606 0.105614 0.260771 
0.838441 0.154 0.522782 
0.0477485 0.0374281 0.998158 
0.0142438 0.664654 0.747015 
0.21234 0.320404 0.923175 
0.136561 0.809467 0.571065 
0.788171 0.0288354 0.61478 
0.233844 0.785895 0.572439 
0.895581 0.0660134 0.439973 
0.132587 0.333947 0.93322 
0.509527 0.0333167 0.85981 
0.382887 0.197091 0.902526 
0.695299 0.396876 0.599207 
0.670671 0.342568 0.657911 
0.359221 0.0606804 0.931278 
0.0995088 0.605717 0.789433 
0.464601 0.500701 0.730373 
0.129289 0.755812 0.641898 
0.0221327 0.826096 0.563094 
0.693091 0.170672 0.700355 
0.372435 0.37971 0.846825 
0.527797 0.472449 0.705849 
0.32289 0.844593 0.427089 
0.822367 0.517727 0.235948 
0.836653 0.33205 0.435608 
0.292926 0.026817 0.955759 
0.572855 0.346136 0.742985 
0.467794 0.680567 0.563912 
0.554635 0.658508 0.508672 
0.245872 0.0764278 0.966285 
0.000801469 0.637127 0.770759 
0.446342 0.526995 0.723225 
0.175092 0.966131 0.189563 
0.507633 0.653076 0.561962 
0.120257 0.734692 0.667657 
0.31799 0.745191 0.586151 
0.821224 0.541998 0.178411 
0.48213 0.861352 0.160072 
0.237204 0.0399455 0.970638 
0.403825 0.890941 0.207722 
0.237917 0.287496 0.927761 
0.418262 0.871283 0.256755 
0.337366 0.477561 0.811246 
0.630819 0.289597 0.719862 
0.164485 0.856056 0.490014 
0.857415 0.405802 0.316487 
0.552256 0.630592 0.545314 
0.0933253 0.530561 0.842494 
0.40926 0.479712 0.776133 
0.689434 0.655068 0.309137 
0.613252 0.337184 0.714303 
0.756794 0.287502 0.587032 
0.331915 0.878507 0.343596 
0.0517547 0.620364 0.782604 
0.699408 0.365754 0.614046 
0.653771 0.369136 0.660547 
0.443521 0.0979474 0.890896 
0.583184 0.207889 0.785289 
0.684489 0.240255 0.688296 
0.175429 0.108503 0.978495 
0.575523 0.631059 0.520133 
0.324057 0.65534 0.682288 
0.891366 0.25521 0.374611 
0.336897 0.402504 0.851171 
0.349745 0.284348 0.89265 
0.498492 0.752748 0.429972 
0.816422 0.547776 0.182747 
0.507207 0.697076 0.506781 
0.800235 0.280045 0.530283 
0.265443 0.609366 0.747137 
0.261441 0.543319 0.79778 
0.634694 0.0954868 0.766842 
0.385661 0.651098 0.653711 
0.169873 0.696759 0.6969 
0.411549 0.430378 0.803369 
0.908377 0.274491 0.315445 
0.158419 0.538784 0.827415 
0.441936 0.523263 0.728621 
0.899979 0.391246 0.19226 
0.366117 0.60794 0.704534 
0.010598 0.855222 0.518154 
0.224599 0.598036 0.769356 
0.352746 0.239776 0.904477 
0.579528 0.401691 0.709078 
0.316301 0.208821 0.925391 
0.457893 0.620807 0.636343 
0.599087 0.507292 0.619476 
0.35009 0.687354 0.636382 
0.519115 0.517536 0.680203 
0.245389 0.207479 0.946962 
0.216412 0.962575 0.16314 
0.186388 0.330066 0.925373 
0.25742 0.457942 0.850896 
0.805374 0.252285 0.5364 
0.722176 0.0156825 0.691531 
0.285338 0.512271 0.810037 
0.142673 0.892633 0.42761 
0.892028 0.266451 0.365089 
0.0324574 0.988071 0.150538 
0.0278931 0.479326 0.877194 
0.126779 0.486406 0.864486 
0.801844 0.404881 0.439452 
0.158833 0.717594 0.678108 
0.1662 0.466848 0.86858 
0.617715 0.00653435 0.786375 
0.156426 0.544605 0.823976 
0.819734 0.405316 0.404666 
0.354226 0.894621 0.272355 
0.203124 0.647137 0.734816 
0.635902 0.604345 0.479996 
0.768261 0.241815 0.592706 
0.353961 0.742123 0.569179 
0.460485 0.0486104 0.886336 
0.124205 0.692384 0.710759 
0.893679 0.183496 0.409472 
0.190339 0.941564 0.277899 
0.379501 0.142417 0.914165 
0.961347 0.169755 0.216785 
0.479073 0.683036 0.551318 
0.697698 0.532745 0.478958 
0.811622 0.0769376 0.579094 
0.336967 0.115095 0.934455 
0.201911 0.257401 0.944974 
0.582156 0.292465 0.758655 
0.261587 0.607559 0.749963 
0.311306 0.387743 0.867608 
0.0251543 0.753071 0.657459 
0.778296 0.16324 0.606307 
0.106652 0.130196 0.985735 
0.246628 0.852019 0.461777 
0.305963 0.530476 0.790558 
0.888372 0.0416143 0.457235 
0.172079 0.0568222 0.983443 
0.602109 0.364349 0.710433 
0.513961 0.684412 0.51713 
0.457971 0.134386 0.878751 
0.328478 0.836158 0.439252 
0.289254 0.35668 0.88832 
0.296557 0.16605 0.940469 
0.367008 0.631561 0.682961 
0.403942 0.468332 0.785809 
0.682519 0.342616 0.645586 
0.791362 0.0552299 0.608848 
0.366859 0.282401 0.886377 
0.381725 0.60974 0.694624 
0.226489 0.616321 0.754222 
0.301883 0.877406 0.372862 
0.125528 0.321643 0.938503 
0.600604 0.06934 0.796535 
0.895421 0.384761 0.22401 
0.314979 0.158516 0.935767 
0.563476 0.102605 0.819736 
0.863805 0.111766 0.491274 
0.491614 0.558161 0.668409 
0.310349 0.208813 0.927405 
0.540336 0.178246 0.822354 
0.304173 0.333766 0.892233 
0.796467 0.31741 0.514676 
0.483255 0.529797 0.696979 
0.721334 0.49248 0.486971 
0.640869 0.766915 0.0336013 
0.733837 0.408718 0.542617 
0.877477 0.223247 0.424494 
0.457308 0.489605 0.742399 
0.225271 0.196271 0.954322 
0.70775 0.560684 0.429795 
0.114454 0.880406 0.460202 
0.606007 0.557039 0.567858 
0.25526 0.398109 0.881108 
0.771851 0.62727 0.10382 
0.0176231 0.578976 0.815154 
0.412558 0.181638 0.892639 
0.370973 0.707297 0.601756 
0.370891 0.633276 0.679265 
0.483072 0.407303 0.775078 
0.808187 0.314434 0.49796 
0.748649 0.168097 0.641302 
0.848205 0.00537795 0.529641 
0.806712 0.326979 0.49224 
0.54846 0.330918 0.767909 
0.30804 0.915023 0.260468 
0.342794 0.119053 0.931836 
0.152701 0.641878 0.751448 
0.074454 0.907543 0.413306 
0.119547 0.506269 0.85405 
0.132802 0.734288 0.665721 
0.22088 0.750627 0.622712 
0.383613 0.390948 0.83666 
0.149129 0.899749 0.410136 
0.43659 0.859275 0.266526 
0.118867 0.244099 0.962438 
0.425185 0.63447 0.645496 
0.591419 0.336419 0.732834 
0.848674 0.0700852 0.524253 
0.312446 0.37088 0.874543 
0.0877585 0.407376 0.909034 
0.558134 0.0903508 0.824817 
0.187912 0.75258 0.63112 
0.421013 0.731239 0.536692 
0.337217 0.579518 0.741919 
0.93712 0.143854 0.317981 
0.774934 0.0541752 0.629716 
0.760362 0.271074 0.590227 
0.195809 0.191817 0.961699 
0.493869 0.0631964 0.867237 
0.177842 0.725703 0.664625 
0.514164 0.754864 0.407205 
0.320388 0.574176 0.753442 
0.825952 0.369639 0.42564 
0.51055 0.772952 0.376676 
0.869176 0.0399575 0.492886 
0.957281 0.164778 0.237615 
0.838445 0.342672 0.423777 
0.358592 0.214844 0.908435 
0.575195 0.430654 0.695477 
0.394874 0.059741 0.916791 
0.310355 0.590768 0.744764 
0.223803 0.813077 0.537418 
0.781438 0.452338 0.429819 
0.678549 0.600645 0.422844 
0.917611 0.321233 0.234095 
0.564752 0.600548 0.566037 
0.507462 0.358226 0.783682 
0.910191 0.219896 0.350995 
0.258501 0.14035 0.955761 
0.159875 0.11062 0.980919 
0.247887 0.733405 0.632984 
0.627316 0.752748 0.199611 
0.734579 0.057973 0.676042 
0.0495085 0.350721 0.93517 
0.172639 0.116979 0.978014 
0.75846 0.401812 0.513113 
0.0279212 0.823809 0.566179 
0.704174 0.643554 0.299962 
0.10766 0.956988 0.269414 
0.192192 0.892044 0.409047 
0.172525 0.18707 0.967078 
0.543649 0.0369838 0.838497 
0.0620981 0.695497 0.71584 
0.416191 0.855177 0.308962 
0.0133296 0.112403 0.993573 
0.0371352 0.991084 0.127957 
0.117824 0.0174335 0.992881 
0.0952652 0.28095 0.954983 
0.496292 0.173282 0.850686 
0.463353 0.702238 0.540523 
0.0855815 0.336859 0.937658 
0.615113 0.145531 0.774891 
0.194587 0.433729 0.879781 
0.436716 0.53045 0.726569 
0.720928 0.0656131 0.689896 
0.979072 0.168849 0.113613 
0.800519 0.583178 0.138105 
0.367756 0.713351 0.596562 
0.199922 0.85747 0.474106 
0.177331 0.250424 0.951757 
0.852371 0.232916 0.468203 
0.329667 0.882045 0.336624 
0.729405 0.541356 0.418214 
0.029094 0.682519 0.730289 
0.743346 0.0157627 0.668722 
0.0175895 0.993421 0.11316 
0.873726 0.402044 0.273796 
0.004863 0.268296 0.963324 
0.887416 0.382849 0.256749 
0.191456 0.0100306 0.98145 
0.219908 0.96952 0.108037 
0.803622 0.339299 0.488946 
0.0629866 0.0373801 0.997314 
0.454762 0.87128 0.184563 
0.827345 0.416087 0.377322 
0.986007 0.0760903 0.148327 
0.351447 0.762321 0.543462 
0.0574715 0.801643 0.595034 
0.219958 0.219564 0.950479 
0.930172 0.30839 0.199187 
0.683531 0.681576 0.261227 
0.75935 0.135082 0.636506 
0.111052 0.5765 0.809516 
0.750983 0.192931 0.631508 
0.112667 0.48333 0.868158 
0.212834 0.477962 0.852205 
0.632912 0.277312 0.722855 
0.841874 0.0269947 0.538999 
0.218368 0.500316 0.837854 
0.789241 0.460586 0.406151 
0.703969 0.0568119 0.707955 
0.687541 0.514538 0.512384 
0.0689694 0.483171 0.872805 
0.218335 0.416489 0.882534 
0.46078 0.665033 0.587718 
0.305388 0.393467 0.867134 
0.0899893 0.898337 0.429991 
0.641288 0.390446 0.660531 
0.383195 0.0274672 0.923259 
0.762457 0.0684003 0.643413 
0.345937 0.311237 0.885132 
0.705436 0.298749 0.642736 
0.167551 0.0182637 0.985694 
0.541203 0.148115 0.827745 
0.295569 0.728703 0.617763 
0.659891 0.170192 0.731833 
0.441027 0.145668 0.885593 
0.943324 0.0883303 0.319903 
0.521961 0.345267 0.779966 
0.429061 0.0594752 0.901316 
0.442584 0.566223 0.695349 
0.200398 0.488515 0.849231 
0.710691 0.564535 0.419783 
0.587408 0.133391 0.798222 
0.114493 0.671945 0.731697 
0.417058 0.324501 0.848977 
0.783274 0.192448 0.591139 
0.689116 0.594981 0.413663 
0.198704 0.610902 0.766365 
0.324232 0.586663 0.742091 
0.318886 0.722644 0.613268 
0.801679 0.224942 0.553815 
0.375877 0.518823 0.767814 
0.852867 0.39489 0.341583 
0.643448 0.426155 0.635898 
0.882982 0.439844 0.163954 
0.430193 0.536179 0.726254 
0.477622 0.334036 0.812587 
0.403825 0.578671 0.708565 
0.456443 0.224143 0.861057 
0.077966 0.345242 0.93527 
0.698177 0.429676 0.572649 
0.53935 0.594131 0.59675 
0.0363349 0.906852 0.41988 
0.301475 0.401485 0.864825 
0.511466 0.444269 0.735546 
0.442108 0.0970915 0.891691 
0.788589 0.363891 0.495692 
0.595724 0.286755 0.750256 
0.519895 0.205662 0.829103 
0.607201 0.252934 0.753214 
0.574879 0.756401 0.312045 
0.3864 0.541382 0.746726 
0.440149 0.430719 0.787877 
0.131119 0.906293 0.401796 
0.15119 0.768159 0.622153 
0.578157 0.589279 0.564344 
0.604281 0.699549 0.381412 
0.475242 0.183654 0.860475 
0.067828 0.912972 0.402346 
0.0703338 0.856394 0.511509 
0.275029 0.953937 0.119845 
0.441425 0.119042 0.889366 
0.285654 0.644777 0.708989 
0.0874542 0.889859 0.447775 
0.582796 0.324009 0.745229 
0.66291 0.429437 0.613298 
0.234417 0.388136 0.891291 
0.30489 0.653242 0.693049 
0.852865 0.319197 0.4132 
0.215166 0.111576 0.970183 
0.529364 0.48622 0.695243 
0.490052 0.297178 0.819472 
0.164259 0.921163 0.352814 
0.589746 0.441082 0.676496 
0.259693 0.475777 0.840354 
0.130306 0.762264 0.634014 
0.333142 0.205948 0.92011 
0.592404 0.774562 0.221611 
0.777953 0.579827 0.242054 
0.211694 0.667736 0.713663 
0.690197 0.554796 0.464575 
0.877438 0.236289 0.417456 
0.65891 0.486248 0.573934 
0.385862 0.685112 0.617845 
0.52881 0.0380707 0.847886 
0.776372 0.471894 0.417806 
0.188732 0.863635 0.467455 
0.613422 0.415154 0.671834 
0.802742 0.402458 0.440036 
0.570411 0.569959 0.59142 
0.0197831 0.519126 0.854469 
0.356572 0.528966 0.770098 
0.670889 0.363381 0.646423 
0.0968129 0.833634 0.543766 
0.448892 0.208104 0.869016 
0.664335 0.247212 0.705369 
0.0293637 0.678965 0.733583 
0.207432 0.328223 0.921543 
0.265036 0.340779 0.902012 
0.417342 0.210112 0.884126 
0.404471 0.304913 0.862225 
0.726903 0.40471 0.554817 
0.624272 0.414007 0.662482 
0.205795 0.510618 0.834816 
0.86434 0.0307923 0.501964 
0.136089 0.428543 0.893214 
0.169971 0.58317 0.794369 
0.801696 0.331847 0.497153 
0.252707 0.83298 0.492223 
0.39152 0.376683 0.839537 
0.765808 0.457111 0.452314 
0.509768 0.387051 0.768328 
0.686631 0.424894 0.589918 
0.111437 0.235529 0.965457 
0.519496 0.0225014 0.854176 
0.321362 0.690114 0.648436 
0.116571 0.940594 0.318894 
0.653474 0.427692 0.624541 
0.682152 0.0851776 0.726233 
0.0954227 0.766485 0.635135 
0.568866 0.597744 0.564883 
0.178247 0.951372 0.251235 
0.401344 0.454904 0.794975 
0.4301 0.453009 0.780895 
0.790712 0.156604 0.591819 
0.769931 0.419872 0.480535 
0.392924 0.733222 0.554974 
0.632404 0.289356 0.718567 
0.512398 0.444142 0.734973 
0.462833 0.0890175 0.881964 
0.0128602 0.691836 0.72194 
0.431284 0.701297 0.567605 
0.241571 0.599665 0.762919 
0.575744 0.16322 0.801173 
0.551569 0.0251339 0.83375 
0.321192 0.44331 0.836847 
0.580025 0.229956 0.781467 
0.702909 0.112634 0.702305 
0.309174 0.29007 0.905688 
0.581788 0.0901572 0.808328 
0.384822 0.468116 0.795475 
0.861557 0.47385 0.182167 
0.288824 0.899928 0.326666 
0.402246 0.0271766 0.915128 
0.689057 0.184922 0.700717 
0.425551 0.835532 0.347552 
0.533422 0.727929 0.430789 
0.465608 0.432547 0.772083 
0.544373 0.153985 0.824589 
0.703571 0.38802 0.595339 
0.0943819 0.504632 0.85816 
0.613511 0.399833 0.680983 
0.794706 0.032491 0.606125 
0.16292 0.314429 0.935196 
0.104393 0.702251 0.704234 
0.584271 0.248992 0.772418 
0.457928 0.55147 0.697268 
0.0599597 0.752511 0.655844 
0.589497 0.699568 0.403854 
0.748466 0.394239 0.533268 
0.767506 0.258105 0.586785 
0.415841 0.855076 0.309712 
0.385249 0.630772 0.673579 
0.864366 0.335575 0.374514 
0.436849 0.190733 0.879081 
0.422833 0.697654 0.578353 
0.81828 0.506216 0.27233 
0.254583 0.82764 0.500199 
0.813287 0.564146 0.142489 
0.740535 0.631577 0.229604 
0.49321 0.677276 0.545932 
0.102465 0.0320284 0.994221 
0.515359 0.30197 0.802009 
0.302156 0.407996 0.861534 
0.0275718 0.541338 0.840353 
0.758814 0.553214 0.343739 
0.805905 0.542582 0.2369 
0.858997 0.172943 0.481887 
0.536389 0.219668 0.814882 
0.454491 0.27762 0.846383 
0.743171 0.139548 0.654388 
0.759919 0.373908 0.53171 
0.175863 0.830948 0.527823 
0.0357699 0.581384 0.812843 
0.496188 0.465975 0.732574 
0.277653 0.627896 0.727087 
0.833123 0.334764 0.440272 
0.859255 0.370361 0.352865 
0.192741 0.937437 0.289936 
0.337539 0.868971 0.361879 
0.172928 0.531851 0.828993 
0.722844 0.646574 0.2438 
0.725459 0.573594 0.380394 
0.47279 0.224104 0.852201 
0.340068 0.312588 0.886929 
0.778258 0.534661 0.329321 
0.836116 0.449968 0.31375 
0.48989 0.305943 0.816337 
0.714219 0.599842 0.360667 
0.209144 0.0391807 0.9771 
0.630402 0.599606 0.493016 
0.546029 0.197557 0.81414 
0.857158 0.200316 0.474504 
0.866346 0.364418 0.341532 
0.648776 0.416171 0.637096 
0.103981 0.85358 0.51048 
0.672776 0.594275 0.440693 
0.913845 0.140284 0.381062 
0.844011 0.37127 0.387045 
0.582309 0.722679 0.372359 
0.932486 0.343108 0.1129 
0.0535612 0.352482 0.934285 
0.23933 0.811736 0.532734 
0.265692 0.363918 0.892732 
0.543295 0.553599 0.631157 
0.466903 0.171316 0.867555 
0.38382 0.400207 0.832176 
0.354096 0.693537 0.627394 
0.404588 0.597737 0.692112 
0.33154 0.869082 0.367122 
0.396001 0.861656 0.317383 
0.799692 0.311399 0.513346 
0.559056 0.773107 0.299601 
0.157571 0.398942 0.903337 
0.402543 0.0603225 0.913411 
0.820388 0.333722 0.46432 
0.230322 0.543644 0.807095 
0.0213224 0.012622 0.999693 
0.392934 0.61311 0.685346 
0.879503 0.113109 0.462256 
0.715727 0.0498285 0.696601 
0.159177 0.705685 0.690414 
0.442471 0.656285 0.611155 
0.816342 0.0733647 0.57289 
0.357765 0.428941 0.829466 
0.378449 0.296516 0.876843 
0.142934 0.294195 0.944997 
0.768199 0.264284 0.583116 
0.304244 0.427563 0.851249 
0.613726 0.371951 0.696414 
0.651923 0.675428 0.344665 
0.0437278 0.967366 0.24958 
0.672566 0.124264 0.72953 
0.139341 0.360828 0.922164 
0.680585 0.633109 0.36875 
0.0242389 0.222008 0.974743 
0.333048 0.429152 0.839588 
0.281435 0.879193 0.384465 
0.388788 0.691324 0.609028 
0.93333 0.346486 0.0940374 
0.19396 0.71638 0.670208 
0.601952 0.453923 0.656968 
0.619374 0.0649473 0.782405 
0.559372 0.772463 0.300673 
0.12926 0.0690243 0.989205 
0.496855 0.28344 0.820242 
0.132279 0.24069 0.961546 
0.940432 0.0460241 0.336854 
0.113971 0.153964 0.981481 
0.710537 0.13945 0.689703 
0.0161101 0.886687 0.46209 
0.704967 0.455257 0.54384 
0.268417 0.567305 0.778535 
0.847179 0.436944 0.30227 
0.0638651 0.988691 0.13569 
0.687891 0.0414239 0.724631 
0.0116562 0.0716914 0.997359 
0.591757 0.354648 0.723912 
0.213978 0.36977 0.904148 
0.321879 0.2075 0.923763 
0.681204 0.60345 0.4145 
0.360441 0.271212 0.892483 
0.868254 0.372447 0.327747 
0.840029 0.314565 0.442041 
0.877527 0.317758 0.359133 
0.782774 0.555359 0.280788 
0.317598 0.287872 0.903472 
0.895851 0.392813 0.207725 
0.557639 0.0594935 0.827949 
0.358998 0.278183 0.890918 
0.17339 0.54283 0.821749 
0.645516 0.471927 0.600495 
0.536035 0.334784 0.774975 
0.355929 0.688884 0.63147 
0.679897 0.564136 0.468499 
0.229485 0.412869 0.881406 
0.822261 0.247912 0.512275 
0.522268 0.0420106 0.851746 
0.956691 0.189831 0.220698 
0.344661 0.694655 0.631398 
0.191269 0.410187 0.891719 
0.310393 0.538457 0.783403 
0.179096 0.852141 0.491711 
0.0511679 0.90207 0.428545 
0.137472 0.778882 0.611919 
0.535414 0.237657 0.810464 
0.81024 0.190834 0.55416 
0.822936 0.280162 0.494252 
0.546791 0.686396 0.479457 
0.611556 0.683255 0.398951 
0.389091 0.0378585 0.920421 
0.538668 0.451136 0.711557 
0.0811075 0.80509 0.587581 
0.336743 0.765198 0.548704 
0.154794 0.546516 0.823018 
0.495313 0.224194 0.839287 
0.292883 0.590078 0.752348 
0.469169 0.62321 0.625691 
0.0812841 0.809585 0.581348 
0.0614328 0.893866 0.444105 
0.103632 0.648417 0.754199 
0.375323 0.22195 0.899928 
0.676213 0.389616 0.625249 
0.908012 0.0742531 0.412312 
0.159916 0.384025 0.909369 
0.229337 0.550617 0.802637 
0.071675 0.404385 0.911776 
0.343103 0.790929 0.506668 
0.337335 0.607174 0.719406 
0.52522 0.31035 0.792355 
0.918041 0.35848 0.16939 
0.271661 0.250699 0.929167 
0.799529 0.465634 0.379392 
0.844436 0.1765 0.505743 
0.285978 0.699912 0.654477 
0.72459 0.646223 0.23951 
0.79668 0.364031 0.482475 
0.174736 0.159352 0.971635 
0.0837571 0.30686 0.948062 
0.522583 0.223329 0.822819 
0.139528 0.194686 0.970891 
0.592323 0.317501 0.740504 
0.219732 0.767967 0.601618 
0.815783 0.0275225 0.577702 
0.444351 0.301967 0.843427 
0.925721 0.0386385 0.376229 
0.725337 0.0731274 0.684499 
0.508712 0.261021 0.820415 
0.108576 0.782903 0.612596 
0.0336163 0.754819 0.655072 
0.0760146 0.899519 0.430218 
0.0686999 0.118961 0.990519 
0.503379 0.724727 0.470511 
0.351602 0.158624 0.922613 
0.585821 0.573829 0.572306 
0.817758 0.142049 0.557758 
0.725657 0.331077 0.603166 
0.468599 0.787924 0.399488 
0.489164 0.284644 0.824437 
0.377557 0.691295 0.616086 
0.632314 0.745544 0.210578 
0.286671 0.937501 0.19726 
0.274253 0.654999 0.704103 
0.965375 0.188777 0.180042 
0.560941 0.411126 0.718554 
0.689242 0.587995 0.423328 
0.735451 0.143936 0.662114 
0.0618521 0.790034 0.609935 
0.521481 0.128161 0.843583 
0.114451 0.453215 0.884023 
0.871762 0.35704 0.33549 
0.244314 0.564083 0.788746 
0.578496 0.742352 0.338016 
0.199171 0.620462 0.758524 
0.0847612 0.142218 0.9862 
0.442903 0.631283 0.636646 
0.601094 0.75235 0.269547 
0.386036 0.919072 0.0792673 
0.134313 0.799407 0.585584 
0.243419 0.546918 0.801017 
0.313814 0.911454 0.266033 
0.0852571 0.526848 0.845673 
0.208821 0.361028 0.908875 
0.1811 0.22417 0.957575 
0.217704 0.269764 0.937994 
0.366285 0.407378 0.836587 
0.258783 0.200086 0.944985 
0.0739231 0.516552 0.853059 
0.395848 0.465599 0.791532 
0.287305 0.392126 0.873895 
0.21278 0.301117 0.929545 
0.207709 0.843037 0.496131 
0.721168 0.0921381 0.686605 
0.54403 0.811557 0.213089 
0.354474 0.0501085 0.933722 
0.0822798 0.992695 0.088238 
0.153977 0.711513 0.685595 
0.649367 0.752573 0.109347 
0.180455 0.040456 0.982751 
0.874929 0.424617 0.232809 
0.328658 0.773769 0.54154 
0.301747 0.344322 0.889039 
0.465991 0.546313 0.695985 
0.424237 0.885323 0.190333 
0.612325 0.505871 0.607579 
0.478328 0.546563 0.687365 
0.632273 0.465001 0.619682 
0.86402 0.216586 0.454489 
0.088324 0.607665 0.789267 
0.802585 0.356047 0.478631 
0.205687 0.861869 0.463546 
0.553515 0.528429 0.643727 
0.816791 0.53956 0.204273 
0.903905 0.0928997 0.417523 
0.408922 0.34934 0.843056 
0.937361 0.13711 0.320242 
0.0667577 0.449998 0.890531 
0.123072 0.0414401 0.991532 
0.449574 0.110013 0.886442 
0.689156 0.520138 0.504499 
0.58952 0.296542 0.751351 
0.637127 0.234678 0.734163 
0.385781 0.879043 0.280099 
0.275719 0.358302 0.891963 
0.239388 0.489535 0.83848 
0.074666 0.277684 0.957766 
0.95285 0.168656 0.252256 
0.0844274 0.446619 0.890732 
0.0862502 0.871123 0.483431 
0.522817 0.415446 0.744357 
0.306229 0.160843 0.938271 
0.138833 0.232575 0.962618 
0.302761 0.0545607 0.951504 
0.354736 0.782141 0.512267 
0.766173 0.136669 0.627933 
0.868518 0.378446 0.320086 
0.78118 0.185657 0.596062 
0.610725 0.35585 0.70738 
0.862502 0.0389069 0.504555 
0.465435 0.777054 0.423742 
0.177982 0.435137 0.882597 
0.311759 0.392071 0.865498 
0.0542527 0.902342 0.427592 
0.381133 0.171104 0.908549 
0.611404 0.0858542 0.786647 
0.467649 0.351793 0.810893 
0.129463 0.73457 0.666068 
0.607853 0.684882 0.401809 
0.45768 0.423288 0.781893 
0.103377 0.554273 0.825891 
0.0419585 0.311304 0.949384 
0.775291 0.136892 0.616591 
0.357725 0.352701 0.864659 
0.475899 0.0693223 0.876764 
0.0735728 0.558812 0.826024 
0.633029 0.262697 0.728192 
0.690759 0.0956828 0.716727 
0.912001 0.247408 0.327175 
0.258423 0.139911 0.955846 
0.114543 0.141378 0.983307 
0.806543 0.16653 0.567236 
0.516213 0.18617 0.835981 
0.667686 0.193292 0.718911 
0.294219 0.89325 0.33991 
0.795993 0.13504 0.590051 
0.738131 0.412717 0.533692 
0.543582 0.0561972 0.837472 
0.552391 0.211468 0.806316 
0.102954 0.668576 0.736482 
0.18844 0.813002 0.550925 
0.660166 0.709155 0.247549 
0.160613 0.651075 0.741825 
0.137885 0.299679 0.944023 
0.770052 0.471353 0.429937 
0.3789 0.00955125 0.925388 
0.337966 0.291376 0.894918 
0.362667 0.820038 0.44273 
0.746772 0.256124 0.613785 
0.62269 0.771016 0.133388 
0.506456 0.547274 0.666329 
0.338252 0.124358 0.932803 
0.659201 0.364331 0.657812 
0.866486 0.436026 0.243072 
0.236531 0.260946 0.935928 
0.707359 0.432816 0.55885 
0.430217 0.0270161 0.902321 
0.550212 0.0297288 0.834495 
0.198459 0.868727 0.453792 
0.189764 0.724007 0.663176 
0.304665 0.481673 0.821688 
0.325587 0.238354 0.914976 
0.411007 0.674348 0.613456 
0.0221544 0.187919 0.981935 
0.468933 0.595411 0.65237 
0.114054 0.710975 0.693907 
0.586747 0.590184 0.554447 
0.436084 0.253836 0.863364 
0.967195 0.234494 0.0977065 
0.173896 0.1466 0.973791 
0.437974 0.639923 0.631409 
0.0856674 0.66216 0.74445 
0.135946 0.171642 0.975734 
0.786165 0.037486 0.616879 
0.344217 0.383986 0.856779 
0.714222 0.287056 0.638346 
0.622486 0.580324 0.525105 
0.230029 0.925362 0.301316 
0.338948 0.790652 0.509887 
0.501756 0.388519 0.772848 
0.315648 0.700039 0.640556 
0.109467 0.444183 0.889224 
0.615936 0.191017 0.764288 
0.681359 0.519719 0.515404 
0.177343 0.244586 0.953272 
0.274461 0.585642 0.762689 
0.712919 0.1279 0.689484 
0.813343 0.501504 0.294901 
0.759891 0.205947 0.616564 
0.254194 0.252774 0.933537 
0.823496 0.0388956 0.565986 
0.605408 0.392716 0.692282 
0.0869501 0.98231 0.16585 
0.44411 0.443703 0.778392 
0.574146 0.392079 0.71877 
0.291846 0.558246 0.776651 
0.532443 0.147326 0.833546 
0.451383 0.810058 0.374244 
0.422317 0.482215 0.76754 
0.825883 0.0776434 0.558471 
0.272547 0.0735857 0.959324 
0.574438 0.628516 0.524394 
0.785473 0.0146997 0.618721 
0.24169 0.0860329 0.966532 
0.720297 0.261833 0.642352 
0.384843 0.780927 0.491984 
0.319807 0.426012 0.846308 
0.253065 0.63255 0.73201 
0.862472 0.140945 0.486083 
0.389063 0.518624 0.761353 
0.259234 0.124134 0.957804 
0.291728 0.0410349 0.955621 
0.854213 0.0560425 0.516893 
0.713372 0.376202 0.591246 
0.483965 0.273041 0.8314 
0.689557 0.0363992 0.723316 
0.885276 0.185209 0.426596 
0.30073 0.498287 0.813186 
0.412347 0.195758 0.889746 
0.60208 0.251617 0.757752 
0.691599 0.431387 0.579307 
0.843163 0.381053 0.379308 
0.704668 0.228884 0.671607 
0.697369 0.0370003 0.715757 
0.280556 0.205434 0.937595 
0.447463 0.562188 0.695501 
0.619088 0.741962 0.257338 
0.170865 0.14013 0.975279 
0.209238 0.339021 0.917215 
0.410533 0.41605 0.811397 
0.214939 0.795295 0.56684 
0.706583 0.0238714 0.707228 
0.354052 0.215987 0.909943 
0.0690405 0.794209 0.60371 
0.686283 0.0248557 0.72691 
0.562747 0.364288 0.742031 
0.471215 0.40841 0.781766 
0.426294 0.721593 0.545507 
0.645806 0.0704255 0.760246 
0.46604 0.713633 0.523005 
0.844464 0.531701 0.0646088 
0.730042 0.365085 0.577713 
0.450134 0.441629 0.776108 
0.0499577 0.406986 0.912067 
0.369195 0.120139 0.921554 
0.295857 0.0591317 0.9534 
0.0614611 0.04615 0.997042 
0.199606 0.186691 0.961927 
0.64535 0.633781 0.426433 
0.324538 0.720318 0.613039 
0.278071 0.955949 0.0940081 
0.676709 0.202293 0.707914 
0.735105 0.559375 0.383041 
0.953656 0.0723867 0.292061 
0.185407 0.556611 0.80982 
0.639409 0.464422 0.612754 
0.211668 0.0221529 0.977091 
0.518874 0.77629 0.357973 
0.361439 0.185151 0.913828 
0.469276 0.0369315 0.882279 
0.16719 0.672968 0.720529 
0.272012 0.679544 0.681344 
0.0886532 0.0840117 0.992513 
0.0357352 0.932159 0.360282 
0.214078 0.563181 0.798121 
0.142043 0.699626 0.700248 
0.386505 0.338238 0.858026 
0.850562 0.302554 0.430123 
0.0586062 0.742684 0.667073 
0.881896 0.442752 0.161957 
0.304766 0.569425 0.763461 
0.0339491 0.878658 0.476243 
0.809111 0.459518 0.36631 
0.402608 0.605344 0.686633 
0.312055 0.721791 0.617769 
0.520907 0.802697 0.2904 
0.431485 0.66013 0.614857 
0.697977 0.194815 0.689112 
0.282768 0.161909 0.945424 
0.0751843 0.83349 0.547395 
0.875027 0.292906 0.3854 
0.868668 0.337995 0.36218 
0.0612273 0.351248 0.934279 
0.783939 0.613908 0.0924999 
0.31728 0.791777 0.521941 
0.201895 0.0593793 0.977605 
0.168132 0.774192 0.610212 
0.580315 0.260342 0.771658 
0.183964 0.649703 0.737593 
0.101708 0.636908 0.764202 
0.749569 0.580863 0.317403 
0.301885 0.178074 0.936566 
0.397025 0.167901 0.902319 
0.671184 0.139284 0.728088 
0.185128 0.348886 0.918698 
0.645745 0.268968 0.714611 
0.473876 0.648385 0.595851 
0.940218 0.119593 0.318884 
0.579821 0.143194 0.802061 
0.372338 0.0769796 0.924899 
0.658835 0.279165 0.698573 
0.382144 0.679953 0.625803 
0.233695 0.14874 0.960866 
0.0956625 0.75387 0.650022 
0.215192 0.132282 0.967571 
0.511974 0.388346 0.766205 
0.905652 0.197559 0.375187 
0.363878 0.10941 0.924999 
0.178776 0.801622 0.570475 
0.415835 0.05511 0.907769 
0.160903 0.304411 0.938853 
0.248811 0.913608 0.32158 
0.883341 0.0980897 0.458353 
0.358853 0.202283 0.911211 
0.846469 0.0425932 0.530731 
0.0394983 0.944925 0.324896 
0.144351 0.377532 0.914676 
0.608433 0.734153 0.301378 
0.0298904 0.374969 0.926555 
0.165166 0.437313 0.884012 
0.979708 0.0131955 0.199996 
0.851838 0.356648 0.383633 
0.230036 0.947545 0.221906 
0.587517 0.484225 0.648343 
0.770688 0.476595 0.422963 
0.200292 0.902982 0.38014 
0.50112 0.0933654 0.860327 
0.340477 0.320762 0.883848 
0.264685 0.917376 0.297259 
0.208842 0.820738 0.531766 
0.460024 0.112092 0.880803 
0.613316 0.264439 0.744255 
0.0186306 0.997162 0.0729501 
0.513352 0.825833 0.233388 
0.103356 0.696958 0.709625 
0.856351 0.49447 0.148867 
0.0312693 0.691791 0.72142 
0.121995 0.148354 0.981381 
0.995719 0.0319347 0.0867353 
0.801118 0.463915 0.378144 
0.564172 0.242546 0.789229 
0.0129493 0.792531 0.609695 
0.399917 0.722197 0.564356 
0.82962 0.0871195 0.551489 
0.0425193 0.571701 0.819359 
0.984125 0.0898244 0.153066 
0.284673 0.811837 0.509785 
0.83637 0.388429 0.386793 
0.218091 0.904373 0.366805 
0.671263 0.134924 0.728836 
0.990283 0.113373 0.0805385 
0.153734 0.187359 0.970187 
0.114928 0.744178 0.65802 
0.200866 0.0910327 0.97538 
0.584995 0.229319 0.777942 
0.0990247 0.17954 0.978754 
0.619097 0.493724 0.610701 
0.768193 0.243697 0.592023 
0.492543 0.109465 0.863376 
0.260801 0.0271036 0.965012 
0.241505 0.689145 0.683195 
0.246514 0.182503 0.9518 
0.0464615 0.102826 0.993614 
0.810008 0.196638 0.552468 
0.899551 0.266848 0.345833 
0.210218 0.95972 0.186402 
0.542759 0.130519 0.829685 
0.625637 0.380834 0.68084 
0.0116712 0.456288 0.889756 
0.559813 0.660879 0.499847 
0.881312 0.199461 0.428374 
0.519552 0.791204 0.322585 
0.259615 0.817101 0.514728 
0.051708 0.861452 0.505201 
0.0593358 0.313587 0.947704 
0.68794 0.0822986 0.721086 
0.24731 0.613131 0.750272 
0.323581 0.156971 0.933089 
0.688299 0.448418 0.570233 
0.0379409 0.464993 0.884501 
0.146771 0.0916023 0.98492 
0.208289 0.908643 0.361916 
0.948109 0.179292 0.262571 
0.892969 0.300775 0.334874 
0.217465 0.90062 0.376289 
0.202951 0.839019 0.504835 
0.756965 0.3914 0.523268 
0.263764 0.963833 0.0381359 
0.219696 0.826661 0.51804 
0.0538435 0.181343 0.981945 
0.945886 0.233821 0.225007 
0.00969837 0.991652 0.128577 
0.00351361 0.308259 0.951296 
0.737887 0.542174 0.401957 
0.0254966 0.553294 0.832596 
0.0443687 0.892429 0.449001 
0.984548 0.0279328 0.172873 
0.701381 0.00315146 0.712779 
0.522272 0.846398 0.10413 
0.157324 0.00310318 0.987542 
0.357944 0.79525 0.48934 
0.132068 0.896935 0.421979 
0.0352391 0.0195787 0.999187 
0.817579 0.184537 0.545446 
0.854477 0.0355601 0.518271 
0.282712 0.783552 0.553281 
0.909461 0.345549 0.231249 
0.55464 0.0625418 0.829737 
0.741343 0.355549 0.569206 
0.866085 0.0764551 0.494016 
0.0376641 0.329973 0.943239 
0.227067 0.0830272 0.970333 
0.000853945 0.823833 0.566831 
0.212388 0.956896 0.198092 
0.00681507 0.02804 0.999584 
0.594866 0.639217 0.487378 
0.458986 0.0443281 0.887337 
0.425771 0.415117 0.803988 
0.0591375 0.692561 0.718931 
0.192692 0.944968 0.264395 
0.877254 0.0104807 0.479912 
0.904187 0.0113044 0.426988 
0.227677 0.0629373 0.971701 
0.738751 0.0026606 0.673973 
0.148526 0.569638 0.808364 
0.0222539 0.456921 0.889229 
0.0868469 0.562174 0.822447 
0.277879 0.822069 0.496977 
0.0070634 0.570719 0.821115 
0.179272 0.00323068 0.983794 
0.0077831 0.919698 0.39255 
0.432664 0.702918 0.564543 
0.0324064 0.940066 0.339448 
0.231556 0.905664 0.355182 
0.159057 0.315943 0.935351 
0.244217 0.713638 0.656566 
0.539435 0.71167 0.45004 
0.301897 0.514254 0.802746 
0.27526 0.352433 0.89444 
0.786838 0.459816 0.411651 
0.0093798 0.631185 0.775576 
0.592169 0.00192327 0.805812 
0.96465 0.176685 0.19553 
0.809411 0.323893 0.489844 
0.150978 0.934031 0.323714 
0.536594 0.513361 0.669722 
0.0729957 0.337829 0.938373 
0.0861663 0.0283396 0.995878 
0.68862 0.462143 0.558773 
0.389159 0.0429848 0.920167 
0.0654661 0.528114 0.846646 
0.820567 0.0230107 0.571086 
0.341234 0.855774 0.388858 
0.0619178 0.129994 0.98958 
0.837888 0.430294 0.335843 
0.567411 0.456436 0.685354 
0.858577 0.294301 0.419801 
0.0355679 0.511209 0.85872 
0.598942 0.720859 0.348755 
0.341886 0.396295 0.852094 
