4.86337e-06 0.879573 0.475764 
0.0229784 4.45871e-06 0.999736 
0.794296 0.607528 0.00167724 
0.793302 0.00186459 0.608826 
0.406712 0.486382 0.773316 
0.999675 0.0148769 0.0207093 
0.332359 0.942314 0.0397664 
0.760499 0.466121 0.452076 
0.442156 0.781365 0.440417 
0.45305 0.0506496 0.890045 
0.00195455 0.419935 0.907552 
0.928161 0.17765 0.327043 
0.00200507 0.992031 0.125978 
0.134812 0.682512 0.718333 
0.651044 0.284566 0.703679 
0.944457 0.328232 0.0162561 
0.587686 0.792427 0.163356 
0.26275 0.275712 0.924633 
0.236001 0.922681 0.304898 
0.563029 0.589138 0.579582 
0.854256 0.472935 0.215821 
0.650923 0.666899 0.362693 
0.813239 0.234046 0.532789 
0.222166 0.813327 0.537719 
0.362862 0.672902 0.644619 
0.246482 0.0099615 0.969096 
0.470191 0.280662 0.836749 
0.637142 0.00425309 0.770735 
0.197711 0.499449 0.843482 
0.061665 0.213507 0.974993 
0.901554 0.00413926 0.432646 
0.421511 0.873238 0.244507 
0.745633 0.638161 0.191787 
0.969016 0.00243558 0.246987 
0.976582 0.163162 0.140235 
0.00540224 0.582576 0.812758 
0.0372895 0.950425 0.308708 
0.00689451 0.778292 0.627865 
0.660728 0.436774 0.610464 
0.858884 0.334612 0.387754 
0.183345 0.975072 0.12498 
0.925727 0.316257 0.207393 
0.580698 0.160087 0.798224 
0.725114 0.138896 0.674476 
0.5469 0.414774 0.72723 
0.876188 0.479189 0.0516975 
0.27074 0.602045 0.75116 
0.536182 0.781945 0.317918 
0.69886 0.712526 0.0624677 
0.145707 0.891547 0.42885 
0.33453 0.140213 0.931896 
0.314449 0.402919 0.859522 
0.146614 0.376157 0.914883 
0.772226 0.552038 0.314517 
0.305236 0.853548 0.422239 
0.461344 0.881246 0.102802 
0.192745 0.147586 0.970087 
0.549229 0.688205 0.474048 
0.663916 0.573797 0.479555 
0.585972 0.810038 0.0218004 
0.458071 0.576358 0.676744 
0.759498 0.360488 0.541489 
0.879872 0.145387 0.452424 
0.349286 0.766576 0.538852 
0.298055 0.936451 0.184991 
0.00189711 0.685593 0.727983 
0.235118 0.726778 0.645379 
0.45829 0.688044 0.562642 
0.0936885 0.828641 0.551884 
0.654126 0.71493 0.246972 
0.828685 0.444799 0.339756 
0.211782 0.977296 0.00636832 
0.822907 0.107809 0.557854 
0.444481 0.170428 0.879426 
0.131165 0.59073 0.796137 
0.820151 0.555515 0.136947 
0.976228 0.214608 0.0303696 
0.130597 0.0476978 0.990288 
0.13442 0.960397 0.244068 
0.0830171 0.495439 0.864666 
0.732549 0.277515 0.621576 
0.00628391 0.312417 0.949924 
0.544 0.00117688 0.839084 
0.989913 0.0330043 0.137781 
0.358897 0.000480295 0.933377 
0.904356 0.405125 0.13422 
0.550703 0.509737 0.66098 
0.00339422 0.117087 0.993116 
0.426068 0.384131 0.81909 
0.395525 0.848298 0.352067 
0.369798 0.256906 0.892888 
0.562675 0.292197 0.773316 
0.720299 0.0140274 0.693521 
0.126737 0.761743 0.635362 
0.155475 0.269403 0.950394 
0.0904707 0.994053 0.0606165 
0.304044 0.506507 0.80685 
0.964383 0.110993 0.240095 
0.938266 0.0501689 0.342257 
0.955467 0.270769 0.117329 
0.656172 0.108407 0.746784 
0.909572 0.278484 0.308425 
0.851899 0.00576646 0.523675 
