100 2
0.00259193 4.00257 
2.00257 0.00259218 
1.6335 2.3178 
1.06125 3.39621 
1.91462 1.17574 
0.601429 3.81905 
1.39186 2.87998 
1.80082 1.75334 
1.98083 0.590747 
0.314962 3.95348 
0.848965 3.62672 
1.23955 3.14575 
1.52229 2.60293 
1.99714 0.297087 
1.86388 1.46618 
1.95348 0.88338 
1.72414 2.03846 
0.160654 3.99006 
0.46287 3.89519 
0.729959 3.72865 
0.959124 3.51541 
1.15395 3.27324 
1.31861 3.01458 
1.45966 2.74257 
1.58017 2.46116 
1.9355 1.02975 
1.76411 1.89674 
2.00121 0.149955 
1.99036 0.443846 
1.96854 0.737298 
1.89067 1.32179 
1.68062 2.17895 
1.83409 1.60948 
0.389767 3.9269 
0.238573 3.97463 
0.533097 3.85928 
0.666732 3.77558 
0.790635 3.67896 
0.905413 3.57182 
1.01165 3.45612 
1.35594 2.94767 
1.27981 3.08067 
1.42637 2.81169 
1.55186 2.53216 
1.19777 3.20976 
1.60732 2.38985 
1.49169 2.6728 
1.10898 3.33475 
0.0857957 3.99911 
1.78285 1.82532 
1.90298 1.24907 
1.81789 1.68139 
1.94484 0.956713 
2.00223 0.0761009 
1.92539 1.10303 
1.99951 0.223683 
1.97503 0.664161 
1.99409 0.370556 
1.98596 0.517013 
1.65752 2.24858 
1.96134 0.810604 
1.84938 1.53787 
1.70262 2.10956 
1.74429 1.96869 
1.87788 1.39284 
0.42649 3.91169 
0.19978 3.98308 
0.276972 3.96475 
0.985748 3.48588 
0.567203 3.83986 
0.760618 3.70412 
0.353197 3.94062 
0.634522 3.79764 
0.877212 3.59979 
0.698279 3.75277 
0.496985 3.87645 
0.819826 3.65338 
0.93277 3.54361 
1.08554 3.36541 
1.17611 3.24158 
1.03695 3.42606 
1.62053 2.35392 
1.44322 2.77713 
1.29943 3.04768 
1.47593 2.70754 
1.50711 2.63799 
1.56608 2.49693 
1.59383 2.42571 
1.26002 3.11308 
1.1316 3.30427 
1.37428 2.91353 
1.33766 2.98084 
1.53699 2.56816 
1.21917 3.1774 
1.40961 2.84528 
1.75427 1.9329 
2.00181 0.113172 
2.00045 0.186699 
1.80951 1.71717 
1.97802 0.627385 
