1.000000000010200729150255938293	0.000000084122678875980193875224	0.000000000000000000000000000000	
0.000000000000000061232339957368	0.000008339443901513495988379009	1.000000272699836045831034425646	
0.302098486073950067698490329349	0.000000000000004662936703425657	0.954400064840982387259771257959	
0.656571416348916803151780641201	0.758884714190422804414026813902	0.193838600845283343110381224506	
0.729547485727306987968177054427	0.001755518386291734242790618659	0.683930206131619700116175408766	
0.656665979754124551348581917409	0.758884714190422804414026813902	0.000799129550726496184522018584	
0.848152777871413854349214034301	0.001092312822707948438694103288	0.531423395102278095514236611052	
0.586457071385847572564387064631	0.460356565476168988482186250621	0.809980310570764139299626549473	
0.586457071495226633928155024478	0.002891032342361325897794888107	0.809980310570180050966371254617	
0.901592935608049428353183429863	0.160651992961544476390400859600	0.432585679870300832128293677670	
0.905799573596142160170074930647	0.000021607327517255417247783386	0.423706423399253517825258086305	
0.492606391869021276175288903687	0.001923752507352166065887622004	0.870252229988526915249735793623	
0.933713020965184603561226595048	0.472010063827295822669327662879	0.358022635275313971803257118154	
0.933712939814388076520401682501	0.359009757643297178208996456306	0.358022641519241180407817637388	
0.933712908089445181580856569781	0.108029999988163052937473196380	0.358022641795822715859998197629	
0.933712908125704288408996944781	0.001310518389791048713202692433	0.358022644360972197574710662593	
0.784240617008880258609337943199	0.003932763932169527042181922383	0.620456855340930535369636800169	
0.667936393763805424939050681132	0.123543950435704791290802972981	0.744218364430287104838157574704	
0.668265239895918239376726432965	0.000004669027495653710381766539	0.743923093622006481595576588006	
0.436684096946700350816428226608	0.047353460079762536849568022035	0.899614923164961277635143233056	
0.951103876301044204311097018945	0.007074320536347861350379151446	0.308871197291124832684516832160	
0.433258129649800705074369489012	0.000090773752622435503831926917	0.901269883727632059589041091385	
0.962324993606805789703173559246	0.002801915667009409818821730198	0.271901833061113984424395084716	
0.869553439055725685413733572204	0.000089416806679574049637922173	0.493838866324143477282149206076	
0.266052630344161655795431897786	0.000000021960869467560104217878	0.963958504254179726622453472373	
0.549008394954699441292689243710	0.000048973772534388626282569890	0.835816835755475495695066001645	
0.814138928781439563664434899692	0.000962061892807344388491019860	0.580670134205088839252084653708	
0.629052504363753262062175508618	0.000004578322926721546932244625	0.777362815520571959204687573219	
0.387801327045134314186469737251	0.003707339218574312329074205152	0.921742985338508402648471928842	
0.237443126400196297121070188041	0.000000006896182584391761583787	0.971401442108875023961900296854	
0.755954874409989319161695675575	0.001208807271867535105408508755	0.654631122764173678518773158430	
0.701925250730759286987847644923	0.000682822743220127723572099310	0.712250621837785979906243483128	
0.974856223778507779975655012095	0.001315063286551593430342976809	0.222834791918437302715716441526	
0.214223209008387538432316432591	0.000263557025677848611767972731	0.976784734283359212803077298304	
0.364072345296860777619230020719	0.243799575549107722105546258717	0.931378639417868470218309084885	
0.364072345235358474369036230200	0.184457751177647483187271859606	0.931378639440779365621381202800	
0.883023973245098514617268392612	0.001775344969333001766964574841	0.469327884942661588407730732797	
0.527504928080229640308118632674	0.218739536967973352554750476884	0.849552030977981820214495201071	
0.979462020846437741994350290042	0.009321630613798204123554569378	0.201628742522218656896271227197	
0.526240089780697029020473109995	0.020830479525876362256742169166	0.850336035723003869080116601253	
0.354568894872832551801167255690	0.000108851254675565580843157876	0.935029891968467863350156221713	
0.194110038701811482564352218105	0.001357866810545261876050360250	0.980979761892084467511665479833	
0.914439903541358511951386844885	0.000222150133507264656990143337	0.404721847820269264861536839817	
0.473921400235822187774203939625	0.000202105958610858935965703953	0.880567152433053612625712958106	
0.530803104809748349524056720838	0.000569966267670012115623134896	0.847495172757324888301866394613	
0.830167760031428003664188963739	0.293429505975378812632214931000	0.557513674180298512972342450666	
0.982538814174537589174462937081	0.001233372511811139200441078678	0.186057732713959200765430068714	
0.609841304475537859808298435382	0.244943582898387385293759166416	0.792523841501740378134854836389	
0.608143795820982768773887983116	0.000910937194869961431448190936	0.793826887522972812760713168245	
0.177308616038110322676857322222	0.010757742722961000786385810102	0.984162022439014627650522015756	
0.686454910256667494294902098773	0.007892616899960361309673828600	0.727172370476626861446334260108	
0.798675420292545568123898647173	0.440588495048859996039425368508	0.601762057996113486346700938157	
0.647641166198424267363975559419	0.000918808936801270904372318515	0.761945483777856091833768914512	
0.769438417257527706993869287544	0.004907629480536122336398197064	0.638728527641606480536040635343	
0.890662836861263795817933441867	0.000168477170163264955036683257	0.454664470307434065432516945293	
0.833495713971405316478069380537	0.000006564341357013454246731744	0.552525922627671195463960884808	
0.985429173615458786628096277127	0.000178704965705196895794579226	0.170086406649938570723179509514	
0.166143133786625041281581616204	0.000154805347648373189169829223	0.986101649467075347388345107902	
0.800315581876988479947954147065	0.001484942473889387746371903987	0.599579046505227863939069266053	
0.515065751612407418669192793459	0.000197894397680201513051514994	0.857151476129280442961544395075	
0.940049485060938772029714982637	0.000043930180904922540156051086	0.341039596314308079971766574090	
0.920620722993374385190179509664	0.001334487344992151686140502420	0.390458053612944944177343131742	
0.420496303472049970384460948480	0.001467294060206756961192708921	0.907294251637483228911662536120	
0.461349409962322265510437091507	0.003829427181134941945983563016	0.887218535899130245070409728214	
0.335908924322023128006264869327	0.218399600408220873060116673514	0.941894471334156602182474671281	
0.336289025941255759200032571243	0.028385696082838408199622293182	0.941894471494741147843399176054	
0.335909025309293784999908893951	0.000463054886455426927688305838	0.941894471506478092592828943452	
0.567561886952553384944053505023	0.000008793129074897309375448938	0.823330738545860363331030384870	
0.987755036322554569316878314567	0.002160360955963578754451814845	0.156012783117025183310389024882	
0.857618701141363848350351872796	0.005267278673671577961246104138	0.514286071794499699549874094373	
0.717841304181751294066771151847	0.000708033935495906816166844511	0.696206766817069833130915412767	
0.150315396223752006932272706763	0.009388576926487266285925592513	0.988638094392771393792429535097	
0.822147016772261540751287611783	0.000172628797374737988964271684	0.569275302353485113115993954125	
0.989401414045280924725034310541	0.029025068244986681337271861025	0.145206204916350140043945771140	
0.989401414045575244848862439540	0.007981993490762721854547834255	0.145206204916069586685622994082	
0.141700359585871210610363846172	0.000271178557178200832760567307	0.989909595935187125448351252999	
0.410260797927749387703499905911	0.003640610028044139780123433781	0.911968374850206875414926344092	
0.658746828855869326346805792127	0.000014057176012577530437117762	0.752364682624953817757784690912	
0.598465700601836680938561130461	0.000008773681094235662972398437	0.801148438732758982894210930681	
0.990725610094919550974168487301	0.259985326011196393736213394732	0.135877759714662177392696662537	
0.990725610095564146462265853188	0.007135578449014476701273146375	0.135877764584605986719623160752	
0.737459846983912425955054459337	0.000025237003762793613795105407	0.675391013336006595935145924159	
0.130548551129971074358238070090	0.000272013086728606324430496111	0.991441917523769977726999513834	
0.323938286230088967609930250546	0.002355460094447386302368707689	0.946079339104906269497519133438	
0.375524773717163418140785324795	0.000829521608218601407512549084	0.926821683086161529629976030265	
0.894793498897489381072034575482	0.000002786611021630734389624255	0.446480230695198654355948519878	
0.991934710874757374909904683591	0.029200219238493745066431728219	0.126749938776590326261484165116	
0.954302597057343993114386648813	0.002323348467615241920436464085	0.298842021793478296309842789924	
0.991967268807153246257257706020	0.000467525588697981740737841250	0.126494812864736932978004801953	
0.293475000036029110006552400591	0.003084145330425467745188994328	0.955966752152085375016099533241	
0.923952762604344224328656309808	0.035718188360319765017880655478	0.382506601920484023970914222446	
0.923952762640938174421023632021	0.001388187761374208182771350373	0.382506601926543954306225714390	
0.505728425635202261112510768726	0.000000652648016015740850467039	0.862692738172204487412386697542	
0.861893316249597862821474336670	0.001937928001248758478128331184	0.507089648425302574885620288114	
0.687175777145644262056123352522	0.000268128723323780230724383555	0.727064691891383563238093756809	
0.448591596241076862039420802830	0.000004765020593752026941368732	0.893736870238135638899734658480	
0.121871199701773152979100700577	0.000318132652137425762321060185	0.992545923732807144901357787603	
0.876008639023628465913873242243	0.000217202687212670448278772906	0.482295563180661690516615180968	
0.851751866811101598919719890546	0.001440618357685864280720577923	0.525273320612480665303678506461	
0.836552812955049795995421391126	0.001541992348679541461817232850	0.547886294080479396839677974640	
