0.000000000000127983596399533471	0.383102938438945272991986712441	1.001889200694182635587026197754	
0.998757543284918281045747789904	0.054611077411426303673813720252	0.000000000043513514220844783056	
1.000004676705492423494092690817	0.000000000000000000000000000000	0.000367374540288605640116909035	
0.984919270398781465658544220787	31.435356240534030547451038728468	0.173058507233281311243899835972	
0.713824177896812850363517100050	15.910474960493349527723694336601	0.700418347260120977004760334239	
0.613255315069315187770371267106	8.127505953445206543506174057256	0.791149354631647927504900508211	
0.997990834384517633282030146802	23.749163296253129828983219340444	0.063450518089365692819825426341	
0.992906063782392767080864359741	4.224672220562694313628071540734	0.118980167907075135014238753683	
0.052435757907110781828041723429	19.819387231308649433003665762953	0.998634405292843640999933541025	
0.039886059064701870346958401115	27.311311373348910791492016869597	0.999211765312587818499423519825	
0.998694698719634565975411533145	11.828076500029148121484467992559	0.051105415661791053771878523548	
0.997990918975603102936133836920	29.256692814223217879998628632165	0.063402993496433773801257416380	
0.998205885294595862688993292977	17.904959354298007667694037081674	0.060487717581443410652664027793	
0.045223151006314250832662793300	21.926145776692212763236966566183	0.998987829937001525770767784707	
0.996800754877889882976660373970	2.146572319702445330591444871970	0.080048055500804474182707792806	
0.070209342931689427969033090449	6.200074205195487131447862338973	0.997628689692250714138310740964	
0.034598455943954685432029094727	14.059536434818332040208588296082	0.999418619805056640537088696874	
0.084237419962604032086517236166	10.331561810816106472543651761953	0.996503829564960863507394606131	
0.997344765587422577013398949930	25.849884625469321974833292188123	0.079704464136529887263726834590	
0.008959441557157100249897396793	24.999996525117108348013061913662	0.999975512398032284622217957804	
0.991991303494661691431133476726	21.136126655033454113663538009860	0.126321925819546015956618134624	
0.035636748786337053840345134859	12.440483983665952649744212976657	0.999377174201178108958742996037	
0.996818065136311659557577513624	13.446506700058337813175057817716	0.080013918877618314673405564008	
0.013092477390177945442695239819	17.500449080132884915883551002480	0.999922343714499284317298588576	
0.996798152461827791093185169302	19.383952068434904703053689445369	0.079984429677102300559887737563	
0.028198292694536566949103928437	1.917965428411173567369019110629	0.999699360945965453950634582725	
0.998632759174095330223508426570	6.381805046148148363727159448899	0.056957714838724277095494130663	
0.034867676175329098686717088640	4.442887547425207195317398145562	0.999559831932505860052629031998	
0.127957662670649841007985969554	29.469197908158559329194758902304	0.991785071906247650552757022524	
0.613270406540053492072672725044	3.108560618330221458904816245195	0.791224015287508852800613112777	
0.974874612330209111554779610742	27.506499316167293045509723015130	0.225985143967269319631441248930	
0.996797955996325812932923327025	22.333510076605854521858418593183	0.079984554830521401025400507478	
0.984102076212391763121445364959	14.899723383943054955125262495130	0.177625879618149212779698586928	
0.771628101653863751607786980458	1.129159348934074769132962501317	0.636128046709637628985944957094	
0.777365410545520107987726987631	9.577817420840053941333280818071	0.629184374673218971274479827116	
0.998007197502540632783052387822	7.452570442441488474116795259761	0.067512888276442750701278328052	
0.019322781983507585079617996371	15.202765338680691797890176530927	0.999824419555340293541689788981	
0.021583885430247293224503835063	23.964451861207823668564742547460	0.999778245889496930409734432033	
0.998509417999894566264629247598	8.742347290841220086576868197881	0.054662847697912998745639612252	
0.995254584296080713201604339702	30.284011463562517718628441798501	0.097347208430282827773538656402	
0.998725696619083946892203584866	5.249613677085458895987812866224	0.050559197507469497145926595749	
0.051553969585154728327847095670	8.936982892521390553497440123465	0.998683220327638121460722686606	
0.692363469486806937247536097857	26.641133512836674412938009481877	0.721564076196205994584431664407	
0.058131268525751310372040592256	18.848407562409324356167417136021	0.998323701613608616156625430449	
0.052845696247702841907845083824	7.367164534232917283418373699533	0.998611781808928511416922901844	
0.713819295123859776097674512130	23.153683439114267628156085265800	0.700422412515169456881380938285	
0.996102026736250478755607673520	24.644099119914933737618412123993	0.088228437404170856339646888955	
0.041291130564639393074610751455	11.556373943828196715344347467180	0.999202330574271324614699096855	
0.040412998481121148452999136680	28.589883887906104575904464581981	0.999197855504055598707680019288	
0.764221119945761140357376461907	16.761151788117881977768774959259	0.644971399649299614864617069543	
0.780910522245034766086746458313	20.031282963113302031388229806907	0.624655708173282975259610338981	
0.998632503445443187040098109719	3.250991327430588828661939260201	0.056980262885672802730674391114	
0.786118777225502274319524076418	5.808078548275050323468349233735	0.618538932838974764294448505098	
0.605814489034760539354351749353	18.268964473055774533349904231727	0.796264318765968370783525642764	
0.994172821011043428285347545170	11.010958600194468814947867940646	0.107811188866914584028044998831	
0.721673973443135774452628083964	28.127800487468160639537018141709	0.692242730135094852528254705248	
0.042913544489785876434595479623	20.613588486317205195064161671326	0.999084528650837189189815035206	
0.028198244360659641821742482648	5.410334336714142544622063724091	0.999702933859996534238234744407	
0.998614166421656568317644087074	12.660517421623348255366181547288	0.052769677187106373006386661473	
0.699964529683122838044084801368	30.949762801185926264224690385163	0.714186256296474031302068397054	
0.712539634664521304152628999873	4.981014214739681200683207862312	0.701775355067880690640436114336	
0.052439338818747176229617679155	16.748848071541750925916858250275	0.998639626613993636183863600309	
0.721027174332523501654179653997	22.002534515919776936243579257280	0.693238624038374551261654232803	
0.713547266406891922407851325261	24.332097590563339650771013111807	0.700621045862689473260331851634	
0.705087014823184921041843153944	14.098404108055555994383212237153	0.709176017601454544703187821142	
0.777365438630231109229384856008	6.776417391465296091723757854197	0.629183052156210953498316484911	
0.998205862407059441032686208928	26.638894136636427134590121568181	0.059903308847242833778956594415	
0.721027268190469583508672712924	11.344054329026809213587512203958	0.693241140752657303281125678041	
0.766658531466602233273022193316	13.007186211392379959761456120759	0.642072831389307596694493440737	
0.992628176012514407133835447894	18.617587338970849941688356921077	0.121231703302649831965887017304	
0.722912748962621698467501119012	19.155566266287749499497294891626	0.692375024882562084549419978430	
0.998637594302755671193949638109	1.445509486269994203766486862150	0.057660725935927269192315947066	
0.997661229793315063041347912076	17.076189667692300844237252022140	0.068379533003353337727858729522	
0.045223171668444951676324450318	25.695636779925532522383946343325	0.998987144434324569886030076304	
0.720732593163465828922653599875	29.632773950747296254348839283921	0.693219658688837170323893133173	
0.699653553479401502102064114297	10.299490688456440778963951743208	0.714608275646573587458476595202	
0.995378808768225264991258427472	16.053669401323055865304922917858	0.101839490214431754866453161412	
0.815414953233179362612759177864	12.174545768732697226255368150305	0.578914965744443565931476314290	
0.995378897512848026529752587521	14.096254563527420344826168729924	0.096048471802376564343539655511	
0.779397503835587035503351671650	28.994350811973223613904337980784	0.626538515712491417275487037841	
0.998110857809226370562782904017	28.127303456656303382033001980744	0.061466744749819550441838345023	
0.040415788429148911953259215579	21.287733202444179880785668501630	0.999211327331964160869404167897	
0.179007278257815899413785132310	1.299071111092585661950238318241	0.996254928833024133716378401004	
0.069549989329341532773298695247	13.073605690643969268194268806837	0.997589460644960346336063139461	
0.764224311754728824475080273260	3.956202328266691381486452883109	0.645028728467860190676219644956	
0.081826174599875498016920971622	16.123821121695634417392284376547	0.996658860536611013181129692384	
0.609869941823600214547695941292	8.754438129761453524224634747952	0.793201413516355868793539229955	
0.051554081794507440605901393837	8.208363772862146134912109118886	0.998688237651892074531190246489	
0.713842803134453030011741248018	14.934815634874235357187899353448	0.700422738989038395907016365527	
0.584591959517432702142514244770	2.521144724199056774693872284843	0.814021785530285924004090247763	
0.771956923483147483544541955780	20.945765216506625705505939549766	0.635688211916554224423236973962	
0.699964569428421889973890301917	27.337481434816027103806845843792	0.714229247415847035007629983738	
0.937546423442322862662479110440	25.342251425103050621601141756400	0.347886268313187863032709401523	
0.996797833870502802966484523495	19.960874931793046727079854463227	0.079990556983576349692199869423	
0.022839636732886182263202456966	18.275257490892265366255742264912	0.999748275544103170986431905476	
0.996798122458215751784393887647	15.483815074571689152094222663436	0.079984558465126531778821572516	
0.714764623445326430228874414752	24.900801137802272222643296117894	0.699376464378255624509961307922	
0.051553938069204219285524004590	10.989118924476873218054606695659	0.998689626922414031007235735160	
0.310233624786037720522102745235	9.425651904363016697629973350558	0.965724079044949834660371834616	
0.719286959094914468693104936392	30.171425680089182463916586129926	0.694721769364717856021229636099	
