2.07091e-05 1.99793 
1 4.05961e-06 
0.00992216 1.00778 
0.703198 0.710994 
0.538223 0.842802 
0.836687 0.547681 
0.432215 0.901771 
0.896125 0.443801 
0.358104 0.933682 
0.92823 0.372007 
0.767158 0.641459 
0.633853 0.773453 
0.303227 0.952918 
0.947565 0.319563 
0.260824 0.965386 
0.960099 0.279661 
0.594874 0.803819 
0.797943 0.602732 
0.501568 0.865118 
0.859533 0.51108 
0.226918 0.973914 
0.73463 0.678467 
0.671111 0.741356 
0.968675 0.248332 
0.199125 0.979974 
0.974792 0.223116 
0.478081 0.878316 
0.175766 0.984432 
0.872918 0.487868 
0.572206 0.82011 
0.814343 0.580383 
0.410435 0.91189 
0.90654 0.42212 
0.979305 0.202389 
0.155768 0.987794 
0.138339 0.990385 
0.982721 0.185094 
0.750056 0.661374 
0.654078 0.756427 
0.781013 0.624514 
0.616993 0.786968 
0.71883 0.695186 
0.68777 0.725928 
0.122962 0.992411 
0.462788 0.886469 
0.395295 0.918554 
0.881133 0.472869 
0.913333 0.407212 
0.98537 0.170427 
0.344116 0.938927 
0.845641 0.533753 
0.933677 0.358117 
