2.07091e-05 1.99793 
1 4.05961e-06 
0.364553 0.931183 
0.00594563 1.40544 
0.825992 0.563681 
0.00965514 1.03449 
0.955509 0.294961 
0.622999 0.782223 
0.00296989 1.70301 
0.00779863 1.22014 
0.186968 0.982366 
0.499359 0.866395 
0.90083 0.434173 
0.988814 0.149154 
0.732691 0.680561 
0.00446235 1.55376 
0.00146638 1.85336 
0.0945122 0.995524 
0.00687137 1.31286 
0.276972 0.960878 
0.00872284 1.12772 
0.562754 0.826624 
0.679748 0.733446 
0.433174 0.90131 
0.974893 0.222675 
0.865843 0.500316 
0.9972 0.0747751 
0.781534 0.623863 
0.930764 0.36562 
0.00520414 1.47959 
0.00370388 1.62961 
0.00225243 1.77476 
0.000757711 1.92423 
0.0447344 0.998999 
0.140893 0.990025 
0.321097 0.947046 
0.232267 0.972652 
0.0064013 1.35987 
0.00917643 1.08236 
0.0073155 1.26845 
0.00828303 1.1717 
0.00186372 1.81363 
0.9438 0.330518 
0.846515 0.532365 
0.706713 0.7075 
0.993702 0.112055 
0.651828 0.758367 
0.593299 0.804982 
0.757638 0.652675 
0.883957 0.467569 
0.399133 0.916893 
0.982542 0.186039 
